0	0	0	16
0	0	1	16
0	0	2	3
0	0	3	1
0	0	4	0
0	0	5	0
0	0	6	0
0	0	7	0
0	0	8	0
0	0	9	0
0	0	10	0
0	0	11	0
0	0	12	0
0	0	13	0
0	1	0	45
0	1	1	17
0	1	2	12
0	1	3	2
0	1	4	2
0	1	5	1
0	1	6	0
0	1	7	0
0	1	8	0
0	1	9	0
0	1	10	0
0	1	11	0
0	1	12	0
0	1	13	0
0	2	0	14
0	2	1	6
0	2	2	3
0	2	3	0
0	2	4	1
0	2	5	0
0	2	6	2
0	2	7	0
0	2	8	0
0	2	9	0
0	2	10	0
0	2	11	0
0	2	12	0
0	2	13	0
0	3	0	1
0	3	1	0
0	3	2	0
0	3	3	0
0	3	4	1
0	3	5	0
0	3	6	0
0	3	7	0
0	3	8	0
0	3	9	0
0	3	10	0
0	3	11	0
0	3	12	0
0	3	13	1
0	4	0	0
0	4	1	0
0	4	2	0
0	4	3	0
0	4	4	0
0	4	5	0
0	4	6	1
0	4	7	0
0	4	8	0
0	4	9	0
0	4	10	0
0	4	11	0
0	4	12	0
0	4	13	1
0	5	0	1
0	5	1	0
0	5	2	1
0	5	3	0
0	5	4	0
0	5	5	1
0	5	6	1
0	5	7	0
0	5	8	0
0	5	9	1
0	5	10	1
0	5	11	0
0	5	12	0
0	5	13	0
0	6	0	0
0	6	1	0
0	6	2	0
0	6	3	1
0	6	4	0
0	6	5	2
0	6	6	0
0	6	7	1
0	6	8	4
0	6	9	2
0	6	10	1
0	6	11	0
0	6	12	1
0	6	13	0
0	7	0	3
0	7	1	2
0	7	2	1
0	7	3	0
0	7	4	2
0	7	5	1
0	7	6	0
0	7	7	4
0	7	8	12
0	7	9	14
0	7	10	0
0	7	11	0
0	7	12	0
0	7	13	0
0	8	0	0
0	8	1	1
0	8	2	0
0	8	3	0
0	8	4	0
0	8	5	1
0	8	6	2
0	8	7	4
0	8	8	61
0	8	9	31
0	8	10	0
0	8	11	1
0	8	12	0
0	8	13	0
0	9	0	0
0	9	1	1
0	9	2	2
0	9	3	2
0	9	4	0
0	9	5	2
0	9	6	1
0	9	7	7
0	9	8	99
0	9	9	70
0	9	10	2
0	9	11	0
0	9	12	0
0	9	13	0
0	10	0	1
0	10	1	0
0	10	2	0
0	10	3	1
0	10	4	0
0	10	5	0
0	10	6	4
0	10	7	8
0	10	8	126
0	10	9	68
0	10	10	0
0	10	11	0
0	10	12	1
0	10	13	1
0	11	0	0
0	11	1	1
0	11	2	0
0	11	3	0
0	11	4	0
0	11	5	1
0	11	6	2
0	11	7	7
0	11	8	76
0	11	9	48
0	11	10	0
0	11	11	0
0	11	12	1
0	11	13	0
0	12	0	0
0	12	1	0
0	12	2	0
0	12	3	0
0	12	4	0
0	12	5	2
0	12	6	2
0	12	7	4
0	12	8	44
0	12	9	22
0	12	10	0
0	12	11	0
0	12	12	0
0	12	13	0
0	13	0	0
0	13	1	1
0	13	2	0
0	13	3	0
0	13	4	1
0	13	5	1
0	13	6	0
0	13	7	3
0	13	8	9
0	13	9	4
0	13	10	1
0	13	11	1
0	13	12	0
0	13	13	0
0	14	0	0
0	14	1	1
0	14	2	1
0	14	3	2
0	14	4	2
0	14	5	0
0	14	6	1
0	14	7	1
0	14	8	0
0	14	9	1
0	14	10	0
0	14	11	0
0	14	12	0
0	14	13	0
0	15	0	1
0	15	1	2
0	15	2	0
0	15	3	0
0	15	4	1
0	15	5	1
0	15	6	0
0	15	7	2
0	15	8	0
0	15	9	0
0	15	10	0
0	15	11	0
0	15	12	0
0	15	13	0
0	16	0	2
0	16	1	1
0	16	2	1
0	16	3	0
0	16	4	0
0	16	5	1
0	16	6	1
0	16	7	0
0	16	8	0
0	16	9	0
0	16	10	0
0	16	11	0
0	16	12	0
0	16	13	0
0	17	0	18
0	17	1	1
0	17	2	1
0	17	3	1
0	17	4	0
0	17	5	0
0	17	6	0
0	17	7	0
0	17	8	0
0	17	9	0
0	17	10	0
0	17	11	0
0	17	12	0
0	17	13	0
0	18	0	63
0	18	1	14
0	18	2	7
0	18	3	1
0	18	4	1
0	18	5	0
0	18	6	0
0	18	7	0
0	18	8	0
0	18	9	0
0	18	10	0
0	18	11	0
0	18	12	0
0	18	13	0
0	19	0	9
0	19	1	4
0	19	2	1
0	19	3	1
0	19	4	0
0	19	5	0
0	19	6	0
0	19	7	0
0	19	8	0
0	19	9	0
0	19	10	0
0	19	11	0
0	19	12	0
0	19	13	0
1	0	0	30
1	0	1	42
1	0	2	33
1	0	3	24
1	0	4	4
1	0	5	2
1	0	6	0
1	0	7	0
1	0	8	1
1	0	9	0
1	0	10	0
1	0	11	0
1	0	12	0
1	0	13	0
1	1	0	95
1	1	1	103
1	1	2	66
1	1	3	49
1	1	4	11
1	1	5	2
1	1	6	0
1	1	7	0
1	1	8	1
1	1	9	0
1	1	10	0
1	1	11	0
1	1	12	0
1	1	13	0
1	2	0	65
1	2	1	55
1	2	2	38
1	2	3	17
1	2	4	11
1	2	5	4
1	2	6	0
1	2	7	0
1	2	8	1
1	2	9	0
1	2	10	0
1	2	11	0
1	2	12	0
1	2	13	0
1	3	0	21
1	3	1	19
1	3	2	16
1	3	3	8
1	3	4	5
1	3	5	0
1	3	6	0
1	3	7	0
1	3	8	0
1	3	9	0
1	3	10	0
1	3	11	0
1	3	12	0
1	3	13	0
1	4	0	8
1	4	1	7
1	4	2	5
1	4	3	7
1	4	4	6
1	4	5	3
1	4	6	0
1	4	7	0
1	4	8	1
1	4	9	0
1	4	10	0
1	4	11	0
1	4	12	0
1	4	13	0
1	5	0	2
1	5	1	1
1	5	2	5
1	5	3	4
1	5	4	1
1	5	5	0
1	5	6	2
1	5	7	1
1	5	8	3
1	5	9	7
1	5	10	0
1	5	11	0
1	5	12	0
1	5	13	0
1	6	0	0
1	6	1	1
1	6	2	1
1	6	3	2
1	6	4	2
1	6	5	2
1	6	6	4
1	6	7	6
1	6	8	16
1	6	9	39
1	6	10	0
1	6	11	0
1	6	12	0
1	6	13	0
1	7	0	0
1	7	1	1
1	7	2	2
1	7	3	2
1	7	4	4
1	7	5	3
1	7	6	7
1	7	7	19
1	7	8	96
1	7	9	162
1	7	10	0
1	7	11	0
1	7	12	1
1	7	13	1
1	8	0	0
1	8	1	1
1	8	2	1
1	8	3	0
1	8	4	1
1	8	5	2
1	8	6	4
1	8	7	26
1	8	8	231
1	8	9	243
1	8	10	1
1	8	11	0
1	8	12	0
1	8	13	0
1	9	0	2
1	9	1	0
1	9	2	2
1	9	3	1
1	9	4	3
1	9	5	5
1	9	6	7
1	9	7	37
1	9	8	323
1	9	9	244
1	9	10	0
1	9	11	1
1	9	12	0
1	9	13	0
1	10	0	0
1	10	1	0
1	10	2	4
1	10	3	1
1	10	4	1
1	10	5	3
1	10	6	7
1	10	7	40
1	10	8	362
1	10	9	242
1	10	10	0
1	10	11	0
1	10	12	0
1	10	13	0
1	11	0	4
1	11	1	0
1	11	2	3
1	11	3	3
1	11	4	1
1	11	5	2
1	11	6	7
1	11	7	48
1	11	8	281
1	11	9	226
1	11	10	1
1	11	11	0
1	11	12	0
1	11	13	0
1	12	0	2
1	12	1	0
1	12	2	1
1	12	3	1
1	12	4	4
1	12	5	6
1	12	6	8
1	12	7	32
1	12	8	195
1	12	9	199
1	12	10	0
1	12	11	0
1	12	12	0
1	12	13	0
1	13	0	1
1	13	1	2
1	13	2	3
1	13	3	2
1	13	4	0
1	13	5	3
1	13	6	4
1	13	7	9
1	13	8	95
1	13	9	95
1	13	10	1
1	13	11	0
1	13	12	0
1	13	13	0
1	14	0	1
1	14	1	1
1	14	2	7
1	14	3	4
1	14	4	3
1	14	5	3
1	14	6	3
1	14	7	7
1	14	8	15
1	14	9	25
1	14	10	0
1	14	11	0
1	14	12	0
1	14	13	0
1	15	0	7
1	15	1	8
1	15	2	6
1	15	3	2
1	15	4	4
1	15	5	0
1	15	6	2
1	15	7	0
1	15	8	0
1	15	9	1
1	15	10	0
1	15	11	0
1	15	12	0
1	15	13	0
1	16	0	38
1	16	1	19
1	16	2	8
1	16	3	8
1	16	4	7
1	16	5	2
1	16	6	1
1	16	7	3
1	16	8	1
1	16	9	0
1	16	10	0
1	16	11	0
1	16	12	0
1	16	13	0
1	17	0	76
1	17	1	56
1	17	2	43
1	17	3	24
1	17	4	7
1	17	5	5
1	17	6	0
1	17	7	0
1	17	8	0
1	17	9	0
1	17	10	0
1	17	11	0
1	17	12	0
1	17	13	0
1	18	0	126
1	18	1	77
1	18	2	79
1	18	3	26
1	18	4	5
1	18	5	0
1	18	6	0
1	18	7	0
1	18	8	0
1	18	9	0
1	18	10	0
1	18	11	1
1	18	12	0
1	18	13	0
1	19	0	25
1	19	1	40
1	19	2	31
1	19	3	17
1	19	4	2
1	19	5	0
1	19	6	0
1	19	7	0
1	19	8	0
1	19	9	0
1	19	10	0
1	19	11	0
1	19	12	0
1	19	13	0
2	0	0	38
2	0	1	53
2	0	2	73
2	0	3	73
2	0	4	58
2	0	5	26
2	0	6	0
2	0	7	1
2	0	8	0
2	0	9	0
2	0	10	0
2	0	11	0
2	0	12	0
2	0	13	0
2	1	0	96
2	1	1	90
2	1	2	127
2	1	3	149
2	1	4	133
2	1	5	49
2	1	6	19
2	1	7	0
2	1	8	0
2	1	9	0
2	1	10	0
2	1	11	0
2	1	12	0
2	1	13	0
2	2	0	76
2	2	1	94
2	2	2	111
2	2	3	108
2	2	4	99
2	2	5	54
2	2	6	10
2	2	7	2
2	2	8	0
2	2	9	0
2	2	10	0
2	2	11	0
2	2	12	0
2	2	13	0
2	3	0	42
2	3	1	75
2	3	2	101
2	3	3	89
2	3	4	76
2	3	5	41
2	3	6	14
2	3	7	5
2	3	8	3
2	3	9	0
2	3	10	0
2	3	11	0
2	3	12	0
2	3	13	0
2	4	0	18
2	4	1	36
2	4	2	49
2	4	3	37
2	4	4	41
2	4	5	25
2	4	6	27
2	4	7	17
2	4	8	11
2	4	9	5
2	4	10	0
2	4	11	0
2	4	12	0
2	4	13	0
2	5	0	17
2	5	1	41
2	5	2	36
2	5	3	25
2	5	4	20
2	5	5	24
2	5	6	17
2	5	7	36
2	5	8	74
2	5	9	113
2	5	10	5
2	5	11	0
2	5	12	0
2	5	13	0
2	6	0	7
2	6	1	14
2	6	2	28
2	6	3	23
2	6	4	30
2	6	5	24
2	6	6	48
2	6	7	56
2	6	8	175
2	6	9	234
2	6	10	3
2	6	11	0
2	6	12	0
2	6	13	0
2	7	0	4
2	7	1	22
2	7	2	17
2	7	3	10
2	7	4	27
2	7	5	28
2	7	6	41
2	7	7	107
2	7	8	391
2	7	9	467
2	7	10	2
2	7	11	0
2	7	12	0
2	7	13	0
2	8	0	0
2	8	1	10
2	8	2	14
2	8	3	18
2	8	4	26
2	8	5	35
2	8	6	57
2	8	7	182
2	8	8	596
2	8	9	420
2	8	10	2
2	8	11	0
2	8	12	0
2	8	13	0
2	9	0	2
2	9	1	9
2	9	2	13
2	9	3	21
2	9	4	24
2	9	5	23
2	9	6	68
2	9	7	212
2	9	8	663
2	9	9	370
2	9	10	1
2	9	11	1
2	9	12	0
2	9	13	0
2	10	0	7
2	10	1	8
2	10	2	13
2	10	3	15
2	10	4	21
2	10	5	25
2	10	6	66
2	10	7	238
2	10	8	650
2	10	9	371
2	10	10	1
2	10	11	0
2	10	12	0
2	10	13	0
2	11	0	1
2	11	1	8
2	11	2	13
2	11	3	20
2	11	4	28
2	11	5	32
2	11	6	65
2	11	7	203
2	11	8	656
2	11	9	332
2	11	10	2
2	11	11	0
2	11	12	0
2	11	13	0
2	12	0	5
2	12	1	19
2	12	2	20
2	12	3	23
2	12	4	19
2	12	5	29
2	12	6	64
2	12	7	183
2	12	8	559
2	12	9	371
2	12	10	0
2	12	11	0
2	12	12	0
2	12	13	0
2	13	0	8
2	13	1	19
2	13	2	32
2	13	3	31
2	13	4	26
2	13	5	33
2	13	6	50
2	13	7	110
2	13	8	355
2	13	9	360
2	13	10	2
2	13	11	0
2	13	12	0
2	13	13	0
2	14	0	20
2	14	1	59
2	14	2	36
2	14	3	38
2	14	4	31
2	14	5	40
2	14	6	46
2	14	7	60
2	14	8	163
2	14	9	198
2	14	10	0
2	14	11	0
2	14	12	1
2	14	13	0
2	15	0	45
2	15	1	66
2	15	2	56
2	15	3	56
2	15	4	45
2	15	5	38
2	15	6	32
2	15	7	29
2	15	8	30
2	15	9	20
2	15	10	0
2	15	11	0
2	15	12	0
2	15	13	0
2	16	0	82
2	16	1	78
2	16	2	81
2	16	3	91
2	16	4	78
2	16	5	44
2	16	6	15
2	16	7	14
2	16	8	4
2	16	9	0
2	16	10	0
2	16	11	0
2	16	12	0
2	16	13	0
2	17	0	123
2	17	1	96
2	17	2	105
2	17	3	104
2	17	4	98
2	17	5	37
2	17	6	16
2	17	7	3
2	17	8	0
2	17	9	0
2	17	10	0
2	17	11	0
2	17	12	0
2	17	13	0
2	18	0	115
2	18	1	100
2	18	2	137
2	18	3	135
2	18	4	118
2	18	5	37
2	18	6	7
2	18	7	0
2	18	8	0
2	18	9	0
2	18	10	0
2	18	11	0
2	18	12	0
2	18	13	0
2	19	0	40
2	19	1	41
2	19	2	53
2	19	3	76
2	19	4	39
2	19	5	12
2	19	6	0
2	19	7	0
2	19	8	0
2	19	9	0
2	19	10	0
2	19	11	0
2	19	12	0
2	19	13	0
3	0	0	20
3	0	1	33
3	0	2	63
3	0	3	86
3	0	4	83
3	0	5	89
3	0	6	33
3	0	7	4
3	0	8	0
3	0	9	0
3	0	10	0
3	0	11	0
3	0	12	0
3	0	13	0
3	1	0	60
3	1	1	93
3	1	2	79
3	1	3	156
3	1	4	156
3	1	5	185
3	1	6	154
3	1	7	39
3	1	8	0
3	1	9	0
3	1	10	0
3	1	11	0
3	1	12	0
3	1	13	0
3	2	0	57
3	2	1	94
3	2	2	127
3	2	3	137
3	2	4	170
3	2	5	209
3	2	6	203
3	2	7	77
3	2	8	5
3	2	9	0
3	2	10	0
3	2	11	0
3	2	12	0
3	2	13	0
3	3	0	47
3	3	1	62
3	3	2	123
3	3	3	153
3	3	4	184
3	3	5	196
3	3	6	181
3	3	7	116
3	3	8	42
3	3	9	9
3	3	10	0
3	3	11	0
3	3	12	0
3	3	13	0
3	4	0	33
3	4	1	74
3	4	2	71
3	4	3	88
3	4	4	100
3	4	5	169
3	4	6	175
3	4	7	164
3	4	8	194
3	4	9	120
3	4	10	5
3	4	11	0
3	4	12	0
3	4	13	0
3	5	0	25
3	5	1	78
3	5	2	105
3	5	3	122
3	5	4	144
3	5	5	145
3	5	6	149
3	5	7	196
3	5	8	254
3	5	9	378
3	5	10	42
3	5	11	0
3	5	12	0
3	5	13	0
3	6	0	11
3	6	1	77
3	6	2	93
3	6	3	119
3	6	4	134
3	6	5	173
3	6	6	233
3	6	7	323
3	6	8	525
3	6	9	557
3	6	10	27
3	6	11	0
3	6	12	0
3	6	13	1
3	7	0	3
3	7	1	68
3	7	2	72
3	7	3	94
3	7	4	132
3	7	5	185
3	7	6	230
3	7	7	385
3	7	8	631
3	7	9	553
3	7	10	17
3	7	11	0
3	7	12	0
3	7	13	0
3	8	0	10
3	8	1	64
3	8	2	75
3	8	3	105
3	8	4	113
3	8	5	162
3	8	6	255
3	8	7	452
3	8	8	672
3	8	9	467
3	8	10	9
3	8	11	0
3	8	12	0
3	8	13	0
3	9	0	8
3	9	1	42
3	9	2	95
3	9	3	105
3	9	4	110
3	9	5	159
3	9	6	249
3	9	7	417
3	9	8	701
3	9	9	388
3	9	10	16
3	9	11	1
3	9	12	0
3	9	13	0
3	10	0	7
3	10	1	55
3	10	2	60
3	10	3	81
3	10	4	114
3	10	5	164
3	10	6	278
3	10	7	450
3	10	8	683
3	10	9	350
3	10	10	8
3	10	11	1
3	10	12	0
3	10	13	0
3	11	0	17
3	11	1	74
3	11	2	69
3	11	3	99
3	11	4	120
3	11	5	182
3	11	6	282
3	11	7	450
3	11	8	697
3	11	9	332
3	11	10	9
3	11	11	0
3	11	12	0
3	11	13	1
3	12	0	10
3	12	1	62
3	12	2	77
3	12	3	109
3	12	4	136
3	12	5	159
3	12	6	281
3	12	7	418
3	12	8	743
3	12	9	411
3	12	10	6
3	12	11	0
3	12	12	0
3	12	13	1
3	13	0	23
3	13	1	72
3	13	2	117
3	13	3	109
3	13	4	154
3	13	5	203
3	13	6	260
3	13	7	361
3	13	8	647
3	13	9	497
3	13	10	10
3	13	11	1
3	13	12	0
3	13	13	0
3	14	0	46
3	14	1	86
3	14	2	117
3	14	3	122
3	14	4	169
3	14	5	185
3	14	6	240
3	14	7	325
3	14	8	550
3	14	9	484
3	14	10	6
3	14	11	0
3	14	12	0
3	14	13	0
3	15	0	66
3	15	1	105
3	15	2	103
3	15	3	134
3	15	4	168
3	15	5	190
3	15	6	222
3	15	7	267
3	15	8	339
3	15	9	213
3	15	10	1
3	15	11	0
3	15	12	1
3	15	13	0
3	16	0	78
3	16	1	91
3	16	2	132
3	16	3	167
3	16	4	204
3	16	5	209
3	16	6	209
3	16	7	157
3	16	8	84
3	16	9	5
3	16	10	1
3	16	11	1
3	16	12	0
3	16	13	0
3	17	0	105
3	17	1	111
3	17	2	114
3	17	3	174
3	17	4	218
3	17	5	201
3	17	6	190
3	17	7	89
3	17	8	4
3	17	9	0
3	17	10	0
3	17	11	0
3	17	12	0
3	17	13	0
3	18	0	92
3	18	1	85
3	18	2	123
3	18	3	153
3	18	4	184
3	18	5	185
3	18	6	136
3	18	7	10
3	18	8	0
3	18	9	0
3	18	10	0
3	18	11	0
3	18	12	0
3	18	13	0
3	19	0	22
3	19	1	35
3	19	2	61
3	19	3	96
3	19	4	111
3	19	5	43
3	19	6	17
3	19	7	1
3	19	8	0
3	19	9	0
3	19	10	0
3	19	11	0
3	19	12	0
3	19	13	0
4	0	0	4
4	0	1	12
4	0	2	22
4	0	3	36
4	0	4	62
4	0	5	110
4	0	6	110
4	0	7	17
4	0	8	0
4	0	9	0
4	0	10	0
4	0	11	0
4	0	12	0
4	0	13	0
4	1	0	26
4	1	1	40
4	1	2	47
4	1	3	71
4	1	4	117
4	1	5	194
4	1	6	280
4	1	7	191
4	1	8	6
4	1	9	0
4	1	10	0
4	1	11	0
4	1	12	0
4	1	13	0
4	2	0	30
4	2	1	68
4	2	2	67
4	2	3	94
4	2	4	177
4	2	5	215
4	2	6	277
4	2	7	319
4	2	8	104
4	2	9	1
4	2	10	0
4	2	11	0
4	2	12	0
4	2	13	0
4	3	0	35
4	3	1	46
4	3	2	87
4	3	3	111
4	3	4	159
4	3	5	225
4	3	6	275
4	3	7	361
4	3	8	349
4	3	9	81
4	3	10	0
4	3	11	0
4	3	12	0
4	3	13	0
4	4	0	26
4	4	1	79
4	4	2	113
4	4	3	105
4	4	4	119
4	4	5	171
4	4	6	188
4	4	7	297
4	4	8	393
4	4	9	424
4	4	10	26
4	4	11	0
4	4	12	0
4	4	13	0
4	5	0	20
4	5	1	86
4	5	2	103
4	5	3	153
4	5	4	175
4	5	5	223
4	5	6	306
4	5	7	365
4	5	8	457
4	5	9	460
4	5	10	50
4	5	11	2
4	5	12	1
4	5	13	0
4	6	0	16
4	6	1	92
4	6	2	115
4	6	3	149
4	6	4	168
4	6	5	233
4	6	6	320
4	6	7	426
4	6	8	603
4	6	9	453
4	6	10	49
4	6	11	2
4	6	12	1
4	6	13	0
4	7	0	12
4	7	1	78
4	7	2	119
4	7	3	138
4	7	4	181
4	7	5	244
4	7	6	296
4	7	7	410
4	7	8	517
4	7	9	358
4	7	10	43
4	7	11	0
4	7	12	0
4	7	13	0
4	8	0	7
4	8	1	83
4	8	2	123
4	8	3	145
4	8	4	162
4	8	5	247
4	8	6	316
4	8	7	430
4	8	8	496
4	8	9	316
4	8	10	39
4	8	11	4
4	8	12	1
4	8	13	1
4	9	0	4
4	9	1	75
4	9	2	117
4	9	3	126
4	9	4	189
4	9	5	272
4	9	6	308
4	9	7	418
4	9	8	437
4	9	9	255
4	9	10	34
4	9	11	3
4	9	12	0
4	9	13	0
4	10	0	12
4	10	1	77
4	10	2	107
4	10	3	129
4	10	4	171
4	10	5	240
4	10	6	329
4	10	7	422
4	10	8	428
4	10	9	220
4	10	10	38
4	10	11	1
4	10	12	0
4	10	13	0
4	11	0	12
4	11	1	83
4	11	2	112
4	11	3	131
4	11	4	212
4	11	5	263
4	11	6	322
4	11	7	429
4	11	8	500
4	11	9	231
4	11	10	33
4	11	11	0
4	11	12	0
4	11	13	0
4	12	0	15
4	12	1	94
4	12	2	110
4	12	3	154
4	12	4	228
4	12	5	252
4	12	6	328
4	12	7	439
4	12	8	542
4	12	9	266
4	12	10	32
4	12	11	0
4	12	12	0
4	12	13	0
4	13	0	26
4	13	1	69
4	13	2	108
4	13	3	164
4	13	4	180
4	13	5	236
4	13	6	322
4	13	7	489
4	13	8	554
4	13	9	400
4	13	10	29
4	13	11	1
4	13	12	0
4	13	13	0
4	14	0	41
4	14	1	99
4	14	2	124
4	14	3	160
4	14	4	190
4	14	5	244
4	14	6	361
4	14	7	461
4	14	8	596
4	14	9	437
4	14	10	12
4	14	11	2
4	14	12	1
4	14	13	0
4	15	0	48
4	15	1	71
4	15	2	109
4	15	3	142
4	15	4	183
4	15	5	228
4	15	6	338
4	15	7	462
4	15	8	609
4	15	9	402
4	15	10	7
4	15	11	0
4	15	12	0
4	15	13	0
4	16	0	76
4	16	1	81
4	16	2	124
4	16	3	161
4	16	4	196
4	16	5	249
4	16	6	332
4	16	7	420
4	16	8	429
4	16	9	60
4	16	10	0
4	16	11	0
4	16	12	0
4	16	13	0
4	17	0	65
4	17	1	65
4	17	2	89
4	17	3	127
4	17	4	183
4	17	5	228
4	17	6	338
4	17	7	356
4	17	8	64
4	17	9	1
4	17	10	0
4	17	11	0
4	17	12	0
4	17	13	0
4	18	0	39
4	18	1	31
4	18	2	53
4	18	3	81
4	18	4	142
4	18	5	238
4	18	6	261
4	18	7	85
4	18	8	1
4	18	9	0
4	18	10	0
4	18	11	0
4	18	12	0
4	18	13	0
4	19	0	9
4	19	1	8
4	19	2	23
4	19	3	44
4	19	4	79
4	19	5	124
4	19	6	57
4	19	7	0
4	19	8	0
4	19	9	0
4	19	10	0
4	19	11	0
4	19	12	0
4	19	13	0
5	0	0	5
5	0	1	8
5	0	2	12
5	0	3	25
5	0	4	35
5	0	5	38
5	0	6	85
5	0	7	29
5	0	8	0
5	0	9	1
5	0	10	0
5	0	11	0
5	0	12	0
5	0	13	0
5	1	0	4
5	1	1	20
5	1	2	22
5	1	3	22
5	1	4	40
5	1	5	76
5	1	6	158
5	1	7	204
5	1	8	24
5	1	9	0
5	1	10	0
5	1	11	0
5	1	12	0
5	1	13	0
5	2	0	5
5	2	1	14
5	2	2	22
5	2	3	29
5	2	4	54
5	2	5	105
5	2	6	176
5	2	7	320
5	2	8	269
5	2	9	12
5	2	10	0
5	2	11	0
5	2	12	0
5	2	13	0
5	3	0	16
5	3	1	26
5	3	2	32
5	3	3	44
5	3	4	74
5	3	5	87
5	3	6	185
5	3	7	297
5	3	8	405
5	3	9	193
5	3	10	6
5	3	11	0
5	3	12	0
5	3	13	0
5	4	0	22
5	4	1	54
5	4	2	67
5	4	3	87
5	4	4	106
5	4	5	124
5	4	6	170
5	4	7	226
5	4	8	279
5	4	9	321
5	4	10	49
5	4	11	0
5	4	12	0
5	4	13	0
5	5	0	16
5	5	1	68
5	5	2	81
5	5	3	114
5	5	4	133
5	5	5	185
5	5	6	272
5	5	7	262
5	5	8	362
5	5	9	317
5	5	10	82
5	5	11	0
5	5	12	0
5	5	13	0
5	6	0	6
5	6	1	73
5	6	2	99
5	6	3	121
5	6	4	144
5	6	5	178
5	6	6	242
5	6	7	286
5	6	8	274
5	6	9	241
5	6	10	82
5	6	11	0
5	6	12	0
5	6	13	0
5	7	0	6
5	7	1	77
5	7	2	92
5	7	3	144
5	7	4	163
5	7	5	229
5	7	6	241
5	7	7	249
5	7	8	221
5	7	9	201
5	7	10	69
5	7	11	2
5	7	12	0
5	7	13	0
5	8	0	8
5	8	1	72
5	8	2	115
5	8	3	137
5	8	4	172
5	8	5	171
5	8	6	250
5	8	7	221
5	8	8	231
5	8	9	136
5	8	10	58
5	8	11	2
5	8	12	0
5	8	13	0
5	9	0	5
5	9	1	69
5	9	2	95
5	9	3	120
5	9	4	145
5	9	5	195
5	9	6	257
5	9	7	227
5	9	8	178
5	9	9	142
5	9	10	62
5	9	11	1
5	9	12	0
5	9	13	1
5	10	0	10
5	10	1	80
5	10	2	99
5	10	3	126
5	10	4	169
5	10	5	190
5	10	6	273
5	10	7	252
5	10	8	178
5	10	9	146
5	10	10	44
5	10	11	1
5	10	12	0
5	10	13	0
5	11	0	7
5	11	1	83
5	11	2	109
5	11	3	140
5	11	4	180
5	11	5	197
5	11	6	220
5	11	7	239
5	11	8	192
5	11	9	161
5	11	10	41
5	11	11	1
5	11	12	0
5	11	13	0
5	12	0	11
5	12	1	92
5	12	2	114
5	12	3	106
5	12	4	160
5	12	5	184
5	12	6	246
5	12	7	243
5	12	8	218
5	12	9	171
5	12	10	52
5	12	11	1
5	12	12	0
5	12	13	0
5	13	0	20
5	13	1	79
5	13	2	95
5	13	3	139
5	13	4	150
5	13	5	189
5	13	6	244
5	13	7	255
5	13	8	274
5	13	9	171
5	13	10	51
5	13	11	0
5	13	12	0
5	13	13	1
5	14	0	30
5	14	1	90
5	14	2	88
5	14	3	128
5	14	4	133
5	14	5	216
5	14	6	236
5	14	7	288
5	14	8	311
5	14	9	227
5	14	10	45
5	14	11	2
5	14	12	0
5	14	13	0
5	15	0	46
5	15	1	84
5	15	2	80
5	15	3	101
5	15	4	111
5	15	5	145
5	15	6	226
5	15	7	292
5	15	8	377
5	15	9	351
5	15	10	19
5	15	11	0
5	15	12	0
5	15	13	0
5	16	0	34
5	16	1	44
5	16	2	47
5	16	3	62
5	16	4	115
5	16	5	139
5	16	6	253
5	16	7	320
5	16	8	422
5	16	9	102
5	16	10	2
5	16	11	0
5	16	12	0
5	16	13	0
5	17	0	16
5	17	1	30
5	17	2	33
5	17	3	46
5	17	4	84
5	17	5	136
5	17	6	215
5	17	7	337
5	17	8	144
5	17	9	4
5	17	10	0
5	17	11	0
5	17	12	0
5	17	13	0
5	18	0	15
5	18	1	17
5	18	2	17
5	18	3	42
5	18	4	44
5	18	5	107
5	18	6	196
5	18	7	122
5	18	8	2
5	18	9	0
5	18	10	0
5	18	11	0
5	18	12	0
5	18	13	0
5	19	0	5
5	19	1	2
5	19	2	17
5	19	3	8
5	19	4	27
5	19	5	48
5	19	6	47
5	19	7	2
5	19	8	0
5	19	9	0
5	19	10	0
5	19	11	0
5	19	12	0
5	19	13	0
6	0	0	3
6	0	1	7
6	0	2	8
6	0	3	17
6	0	4	16
6	0	5	22
6	0	6	29
6	0	7	28
6	0	8	2
6	0	9	0
6	0	10	0
6	0	11	1
6	0	12	0
6	0	13	0
6	1	0	4
6	1	1	3
6	1	2	13
6	1	3	17
6	1	4	17
6	1	5	32
6	1	6	48
6	1	7	102
6	1	8	63
6	1	9	1
6	1	10	0
6	1	11	0
6	1	12	0
6	1	13	0
6	2	0	1
6	2	1	5
6	2	2	9
6	2	3	14
6	2	4	22
6	2	5	41
6	2	6	52
6	2	7	99
6	2	8	157
6	2	9	30
6	2	10	0
6	2	11	1
6	2	12	0
6	2	13	1
6	3	0	4
6	3	1	13
6	3	2	19
6	3	3	20
6	3	4	27
6	3	5	28
6	3	6	51
6	3	7	81
6	3	8	133
6	3	9	124
6	3	10	10
6	3	11	0
6	3	12	0
6	3	13	0
6	4	0	6
6	4	1	18
6	4	2	25
6	4	3	32
6	4	4	51
6	4	5	47
6	4	6	57
6	4	7	88
6	4	8	132
6	4	9	154
6	4	10	55
6	4	11	0
6	4	12	0
6	4	13	0
6	5	0	7
6	5	1	38
6	5	2	33
6	5	3	42
6	5	4	56
6	5	5	62
6	5	6	85
6	5	7	99
6	5	8	108
6	5	9	163
6	5	10	116
6	5	11	6
6	5	12	1
6	5	13	0
6	6	0	9
6	6	1	45
6	6	2	57
6	6	3	43
6	6	4	52
6	6	5	66
6	6	6	75
6	6	7	89
6	6	8	119
6	6	9	118
6	6	10	81
6	6	11	6
6	6	12	1
6	6	13	0
6	7	0	13
6	7	1	62
6	7	2	56
6	7	3	76
6	7	4	82
6	7	5	66
6	7	6	101
6	7	7	100
6	7	8	126
6	7	9	110
6	7	10	78
6	7	11	9
6	7	12	1
6	7	13	0
6	8	0	12
6	8	1	54
6	8	2	83
6	8	3	66
6	8	4	62
6	8	5	89
6	8	6	95
6	8	7	112
6	8	8	74
6	8	9	102
6	8	10	77
6	8	11	13
6	8	12	0
6	8	13	0
6	9	0	12
6	9	1	54
6	9	2	71
6	9	3	77
6	9	4	77
6	9	5	84
6	9	6	95
6	9	7	108
6	9	8	102
6	9	9	91
6	9	10	63
6	9	11	12
6	9	12	0
6	9	13	0
6	10	0	10
6	10	1	60
6	10	2	81
6	10	3	65
6	10	4	77
6	10	5	87
6	10	6	81
6	10	7	79
6	10	8	94
6	10	9	98
6	10	10	79
6	10	11	4
6	10	12	0
6	10	13	0
6	11	0	13
6	11	1	77
6	11	2	70
6	11	3	67
6	11	4	75
6	11	5	90
6	11	6	96
6	11	7	89
6	11	8	104
6	11	9	88
6	11	10	67
6	11	11	10
6	11	12	0
6	11	13	0
6	12	0	13
6	12	1	55
6	12	2	67
6	12	3	66
6	12	4	77
6	12	5	82
6	12	6	104
6	12	7	92
6	12	8	87
6	12	9	90
6	12	10	64
6	12	11	6
6	12	12	0
6	12	13	0
6	13	0	14
6	13	1	49
6	13	2	56
6	13	3	53
6	13	4	66
6	13	5	76
6	13	6	84
6	13	7	89
6	13	8	111
6	13	9	120
6	13	10	70
6	13	11	4
6	13	12	0
6	13	13	0
6	14	0	10
6	14	1	37
6	14	2	34
6	14	3	48
6	14	4	40
6	14	5	69
6	14	6	111
6	14	7	85
6	14	8	106
6	14	9	124
6	14	10	71
6	14	11	2
6	14	12	0
6	14	13	0
6	15	0	11
6	15	1	26
6	15	2	21
6	15	3	29
6	15	4	40
6	15	5	51
6	15	6	81
6	15	7	108
6	15	8	137
6	15	9	165
6	15	10	35
6	15	11	3
6	15	12	0
6	15	13	0
6	16	0	6
6	16	1	18
6	16	2	26
6	16	3	20
6	16	4	35
6	16	5	52
6	16	6	66
6	16	7	106
6	16	8	177
6	16	9	89
6	16	10	5
6	16	11	0
6	16	12	0
6	16	13	1
6	17	0	4
6	17	1	17
6	17	2	16
6	17	3	16
6	17	4	26
6	17	5	42
6	17	6	79
6	17	7	100
6	17	8	102
6	17	9	7
6	17	10	0
6	17	11	0
6	17	12	0
6	17	13	0
6	18	0	4
6	18	1	10
6	18	2	15
6	18	3	15
6	18	4	23
6	18	5	42
6	18	6	62
6	18	7	90
6	18	8	10
6	18	9	0
6	18	10	0
6	18	11	0
6	18	12	0
6	18	13	0
6	19	0	5
6	19	1	6
6	19	2	18
6	19	3	16
6	19	4	16
6	19	5	18
6	19	6	24
6	19	7	6
6	19	8	0
6	19	9	0
6	19	10	0
6	19	11	0
6	19	12	0
6	19	13	0
7	0	0	0
7	0	1	0
7	0	2	5
7	0	3	4
7	0	4	15
7	0	5	15
7	0	6	26
7	0	7	23
7	0	8	2
7	0	9	0
7	0	10	1
7	0	11	0
7	0	12	0
7	0	13	0
7	1	0	1
7	1	1	4
7	1	2	7
7	1	3	8
7	1	4	13
7	1	5	31
7	1	6	23
7	1	7	47
7	1	8	23
7	1	9	3
7	1	10	1
7	1	11	0
7	1	12	0
7	1	13	0
7	2	0	0
7	2	1	1
7	2	2	7
7	2	3	17
7	2	4	11
7	2	5	16
7	2	6	29
7	2	7	35
7	2	8	59
7	2	9	40
7	2	10	1
7	2	11	0
7	2	12	0
7	2	13	0
7	3	0	0
7	3	1	6
7	3	2	14
7	3	3	15
7	3	4	22
7	3	5	28
7	3	6	23
7	3	7	37
7	3	8	54
7	3	9	56
7	3	10	12
7	3	11	0
7	3	12	0
7	3	13	0
7	4	0	0
7	4	1	4
7	4	2	11
7	4	3	22
7	4	4	21
7	4	5	28
7	4	6	45
7	4	7	48
7	4	8	61
7	4	9	75
7	4	10	69
7	4	11	6
7	4	12	0
7	4	13	0
7	5	0	2
7	5	1	5
7	5	2	14
7	5	3	26
7	5	4	23
7	5	5	28
7	5	6	49
7	5	7	60
7	5	8	85
7	5	9	78
7	5	10	82
7	5	11	11
7	5	12	0
7	5	13	0
7	6	0	2
7	6	1	14
7	6	2	19
7	6	3	29
7	6	4	19
7	6	5	34
7	6	6	45
7	6	7	59
7	6	8	67
7	6	9	82
7	6	10	82
7	6	11	27
7	6	12	1
7	6	13	0
7	7	0	5
7	7	1	15
7	7	2	21
7	7	3	23
7	7	4	34
7	7	5	45
7	7	6	52
7	7	7	52
7	7	8	70
7	7	9	67
7	7	10	69
7	7	11	21
7	7	12	0
7	7	13	0
7	8	0	1
7	8	1	18
7	8	2	39
7	8	3	30
7	8	4	34
7	8	5	29
7	8	6	50
7	8	7	52
7	8	8	75
7	8	9	71
7	8	10	57
7	8	11	23
7	8	12	0
7	8	13	0
7	9	0	2
7	9	1	16
7	9	2	34
7	9	3	29
7	9	4	35
7	9	5	47
7	9	6	47
7	9	7	55
7	9	8	60
7	9	9	61
7	9	10	63
7	9	11	21
7	9	12	1
7	9	13	1
7	10	0	4
7	10	1	15
7	10	2	30
7	10	3	31
7	10	4	38
7	10	5	48
7	10	6	53
7	10	7	55
7	10	8	66
7	10	9	69
7	10	10	81
7	10	11	20
7	10	12	0
7	10	13	0
7	11	0	3
7	11	1	12
7	11	2	31
7	11	3	27
7	11	4	29
7	11	5	43
7	11	6	41
7	11	7	54
7	11	8	66
7	11	9	68
7	11	10	72
7	11	11	22
7	11	12	2
7	11	13	0
7	12	0	1
7	12	1	17
7	12	2	25
7	12	3	25
7	12	4	28
7	12	5	44
7	12	6	41
7	12	7	56
7	12	8	65
7	12	9	82
7	12	10	64
7	12	11	17
7	12	12	1
7	12	13	0
7	13	0	3
7	13	1	15
7	13	2	16
7	13	3	25
7	13	4	30
7	13	5	35
7	13	6	44
7	13	7	46
7	13	8	55
7	13	9	91
7	13	10	83
7	13	11	8
7	13	12	0
7	13	13	0
7	14	0	4
7	14	1	11
7	14	2	19
7	14	3	25
7	14	4	35
7	14	5	37
7	14	6	40
7	14	7	62
7	14	8	67
7	14	9	81
7	14	10	78
7	14	11	12
7	14	12	1
7	14	13	0
7	15	0	0
7	15	1	11
7	15	2	14
7	15	3	27
7	15	4	22
7	15	5	29
7	15	6	57
7	15	7	51
7	15	8	57
7	15	9	77
7	15	10	55
7	15	11	4
7	15	12	0
7	15	13	0
7	16	0	2
7	16	1	11
7	16	2	12
7	16	3	14
7	16	4	18
7	16	5	25
7	16	6	48
7	16	7	53
7	16	8	69
7	16	9	76
7	16	10	12
7	16	11	2
7	16	12	0
7	16	13	0
7	17	0	1
7	17	1	11
7	17	2	9
7	17	3	12
7	17	4	20
7	17	5	33
7	17	6	53
7	17	7	55
7	17	8	86
7	17	9	17
7	17	10	0
7	17	11	0
7	17	12	0
7	17	13	0
7	18	0	2
7	18	1	6
7	18	2	12
7	18	3	19
7	18	4	13
7	18	5	23
7	18	6	38
7	18	7	50
7	18	8	18
7	18	9	0
7	18	10	1
7	18	11	0
7	18	12	0
7	18	13	0
7	19	0	1
7	19	1	2
7	19	2	6
7	19	3	13
7	19	4	11
7	19	5	18
7	19	6	25
7	19	7	10
7	19	8	1
7	19	9	0
7	19	10	0
7	19	11	0
7	19	12	0
7	19	13	0
8	0	0	0
8	0	1	0
8	0	2	3
8	0	3	9
8	0	4	9
8	0	5	21
8	0	6	17
8	0	7	20
8	0	8	8
8	0	9	1
8	0	10	0
8	0	11	0
8	0	12	0
8	0	13	0
8	1	0	0
8	1	1	0
8	1	2	3
8	1	3	2
8	1	4	13
8	1	5	16
8	1	6	24
8	1	7	26
8	1	8	35
8	1	9	3
8	1	10	0
8	1	11	0
8	1	12	0
8	1	13	0
8	2	0	0
8	2	1	0
8	2	2	5
8	2	3	9
8	2	4	13
8	2	5	10
8	2	6	15
8	2	7	16
8	2	8	25
8	2	9	40
8	2	10	2
8	2	11	0
8	2	12	0
8	2	13	0
8	3	0	0
8	3	1	1
8	3	2	1
8	3	3	6
8	3	4	17
8	3	5	23
8	3	6	19
8	3	7	40
8	3	8	51
8	3	9	38
8	3	10	23
8	3	11	1
8	3	12	0
8	3	13	0
8	4	0	0
8	4	1	0
8	4	2	6
8	4	3	12
8	4	4	15
8	4	5	20
8	4	6	30
8	4	7	34
8	4	8	47
8	4	9	54
8	4	10	54
8	4	11	22
8	4	12	0
8	4	13	0
8	5	0	0
8	5	1	2
8	5	2	7
8	5	3	8
8	5	4	12
8	5	5	30
8	5	6	26
8	5	7	27
8	5	8	46
8	5	9	71
8	5	10	67
8	5	11	26
8	5	12	0
8	5	13	0
8	6	0	0
8	6	1	1
8	6	2	7
8	6	3	15
8	6	4	22
8	6	5	22
8	6	6	26
8	6	7	39
8	6	8	46
8	6	9	46
8	6	10	75
8	6	11	26
8	6	12	2
8	6	13	0
8	7	0	0
8	7	1	0
8	7	2	1
8	7	3	17
8	7	4	25
8	7	5	25
8	7	6	26
8	7	7	43
8	7	8	48
8	7	9	57
8	7	10	59
8	7	11	31
8	7	12	5
8	7	13	0
8	8	0	0
8	8	1	0
8	8	2	11
8	8	3	14
8	8	4	17
8	8	5	21
8	8	6	27
8	8	7	35
8	8	8	35
8	8	9	49
8	8	10	66
8	8	11	37
8	8	12	4
8	8	13	0
8	9	0	0
8	9	1	0
8	9	2	8
8	9	3	17
8	9	4	21
8	9	5	19
8	9	6	28
8	9	7	32
8	9	8	42
8	9	9	45
8	9	10	69
8	9	11	35
8	9	12	1
8	9	13	1
8	10	0	0
8	10	1	2
8	10	2	8
8	10	3	21
8	10	4	19
8	10	5	29
8	10	6	24
8	10	7	38
8	10	8	37
8	10	9	52
8	10	10	62
8	10	11	30
8	10	12	0
8	10	13	0
8	11	0	0
8	11	1	0
8	11	2	11
8	11	3	18
8	11	4	13
8	11	5	26
8	11	6	36
8	11	7	45
8	11	8	32
8	11	9	50
8	11	10	69
8	11	11	30
8	11	12	1
8	11	13	0
8	12	0	0
8	12	1	1
8	12	2	13
8	12	3	12
8	12	4	24
8	12	5	23
8	12	6	25
8	12	7	37
8	12	8	45
8	12	9	33
8	12	10	61
8	12	11	26
8	12	12	1
8	12	13	0
8	13	0	0
8	13	1	0
8	13	2	6
8	13	3	14
8	13	4	25
8	13	5	27
8	13	6	21
8	13	7	34
8	13	8	42
8	13	9	45
8	13	10	61
8	13	11	23
8	13	12	1
8	13	13	0
8	14	0	0
8	14	1	0
8	14	2	4
8	14	3	10
8	14	4	13
8	14	5	23
8	14	6	28
8	14	7	38
8	14	8	41
8	14	9	57
8	14	10	65
8	14	11	19
8	14	12	1
8	14	13	0
8	15	0	0
8	15	1	1
8	15	2	3
8	15	3	9
8	15	4	21
8	15	5	11
8	15	6	25
8	15	7	30
8	15	8	47
8	15	9	52
8	15	10	51
8	15	11	11
8	15	12	0
8	15	13	0
8	16	0	0
8	16	1	0
8	16	2	5
8	16	3	11
8	16	4	9
8	16	5	18
8	16	6	30
8	16	7	32
8	16	8	42
8	16	9	59
8	16	10	19
8	16	11	0
8	16	12	0
8	16	13	0
8	17	0	0
8	17	1	1
8	17	2	9
8	17	3	13
8	17	4	11
8	17	5	20
8	17	6	33
8	17	7	25
8	17	8	45
8	17	9	21
8	17	10	3
8	17	11	0
8	17	12	0
8	17	13	0
8	18	0	0
8	18	1	1
8	18	2	5
8	18	3	2
8	18	4	11
8	18	5	13
8	18	6	24
8	18	7	27
8	18	8	18
8	18	9	0
8	18	10	0
8	18	11	0
8	18	12	0
8	18	13	0
8	19	0	0
8	19	1	1
8	19	2	7
8	19	3	6
8	19	4	8
8	19	5	10
8	19	6	19
8	19	7	15
8	19	8	3
8	19	9	0
8	19	10	0
8	19	11	0
8	19	12	0
8	19	13	0
9	0	0	0
9	0	1	0
9	0	2	0
9	0	3	1
9	0	4	9
9	0	5	5
9	0	6	15
9	0	7	16
9	0	8	11
9	0	9	0
9	0	10	0
9	0	11	0
9	0	12	0
9	0	13	0
9	1	0	0
9	1	1	0
9	1	2	0
9	1	3	1
9	1	4	3
9	1	5	2
9	1	6	8
9	1	7	14
9	1	8	26
9	1	9	14
9	1	10	0
9	1	11	0
9	1	12	0
9	1	13	0
9	2	0	0
9	2	1	0
9	2	2	0
9	2	3	3
9	2	4	4
9	2	5	11
9	2	6	12
9	2	7	19
9	2	8	26
9	2	9	29
9	2	10	8
9	2	11	0
9	2	12	0
9	2	13	1
9	3	0	0
9	3	1	0
9	3	2	0
9	3	3	3
9	3	4	6
9	3	5	11
9	3	6	22
9	3	7	17
9	3	8	45
9	3	9	49
9	3	10	37
9	3	11	2
9	3	12	0
9	3	13	0
9	4	0	0
9	4	1	0
9	4	2	0
9	4	3	0
9	4	4	2
9	4	5	13
9	4	6	15
9	4	7	15
9	4	8	32
9	4	9	41
9	4	10	51
9	4	11	37
9	4	12	0
9	4	13	0
9	5	0	0
9	5	1	0
9	5	2	0
9	5	3	1
9	5	4	9
9	5	5	20
9	5	6	16
9	5	7	23
9	5	8	26
9	5	9	45
9	5	10	38
9	5	11	41
9	5	12	4
9	5	13	0
9	6	0	0
9	6	1	0
9	6	2	0
9	6	3	2
9	6	4	11
9	6	5	15
9	6	6	14
9	6	7	19
9	6	8	33
9	6	9	48
9	6	10	54
9	6	11	45
9	6	12	3
9	6	13	0
9	7	0	0
9	7	1	0
9	7	2	0
9	7	3	2
9	7	4	3
9	7	5	21
9	7	6	17
9	7	7	31
9	7	8	34
9	7	9	42
9	7	10	42
9	7	11	53
9	7	12	6
9	7	13	0
9	8	0	0
9	8	1	0
9	8	2	0
9	8	3	0
9	8	4	8
9	8	5	25
9	8	6	18
9	8	7	40
9	8	8	30
9	8	9	33
9	8	10	67
9	8	11	26
9	8	12	2
9	8	13	0
9	9	0	0
9	9	1	0
9	9	2	0
9	9	3	5
9	9	4	10
9	9	5	11
9	9	6	23
9	9	7	28
9	9	8	42
9	9	9	30
9	9	10	42
9	9	11	48
9	9	12	4
9	9	13	0
9	10	0	0
9	10	1	0
9	10	2	0
9	10	3	6
9	10	4	7
9	10	5	16
9	10	6	23
9	10	7	22
9	10	8	39
9	10	9	37
9	10	10	42
9	10	11	44
9	10	12	2
9	10	13	0
9	11	0	0
9	11	1	0
9	11	2	0
9	11	3	3
9	11	4	12
9	11	5	22
9	11	6	20
9	11	7	28
9	11	8	34
9	11	9	46
9	11	10	39
9	11	11	29
9	11	12	9
9	11	13	0
9	12	0	0
9	12	1	0
9	12	2	0
9	12	3	2
9	12	4	12
9	12	5	23
9	12	6	20
9	12	7	24
9	12	8	22
9	12	9	46
9	12	10	56
9	12	11	36
9	12	12	3
9	12	13	0
9	13	0	0
9	13	1	0
9	13	2	0
9	13	3	5
9	13	4	15
9	13	5	21
9	13	6	18
9	13	7	28
9	13	8	32
9	13	9	29
9	13	10	47
9	13	11	39
9	13	12	3
9	13	13	0
9	14	0	0
9	14	1	0
9	14	2	0
9	14	3	4
9	14	4	12
9	14	5	22
9	14	6	17
9	14	7	27
9	14	8	33
9	14	9	45
9	14	10	55
9	14	11	38
9	14	12	2
9	14	13	0
9	15	0	0
9	15	1	0
9	15	2	0
9	15	3	2
9	15	4	12
9	15	5	9
9	15	6	26
9	15	7	34
9	15	8	42
9	15	9	48
9	15	10	50
9	15	11	22
9	15	12	1
9	15	13	0
9	16	0	0
9	16	1	0
9	16	2	0
9	16	3	1
9	16	4	8
9	16	5	21
9	16	6	27
9	16	7	34
9	16	8	37
9	16	9	43
9	16	10	33
9	16	11	1
9	16	12	0
9	16	13	0
9	17	0	0
9	17	1	0
9	17	2	0
9	17	3	4
9	17	4	8
9	17	5	7
9	17	6	14
9	17	7	21
9	17	8	28
9	17	9	29
9	17	10	9
9	17	11	0
9	17	12	0
9	17	13	0
9	18	0	0
9	18	1	0
9	18	2	0
9	18	3	3
9	18	4	16
9	18	5	15
9	18	6	21
9	18	7	28
9	18	8	29
9	18	9	5
9	18	10	0
9	18	11	0
9	18	12	0
9	18	13	0
9	19	0	0
9	19	1	0
9	19	2	0
9	19	3	3
9	19	4	10
9	19	5	10
9	19	6	9
9	19	7	12
9	19	8	5
9	19	9	0
9	19	10	0
9	19	11	0
9	19	12	0
9	19	13	0
10	0	0	0
10	0	1	0
10	0	2	0
10	0	3	0
10	0	4	0
10	0	5	1
10	0	6	10
10	0	7	10
10	0	8	11
10	0	9	3
10	0	10	0
10	0	11	0
10	0	12	0
10	0	13	0
10	1	0	0
10	1	1	0
10	1	2	0
10	1	3	0
10	1	4	0
10	1	5	6
10	1	6	5
10	1	7	15
10	1	8	14
10	1	9	12
10	1	10	1
10	1	11	0
10	1	12	0
10	1	13	0
10	2	0	0
10	2	1	0
10	2	2	0
10	2	3	0
10	2	4	0
10	2	5	1
10	2	6	5
10	2	7	21
10	2	8	26
10	2	9	32
10	2	10	21
10	2	11	0
10	2	12	1
10	2	13	0
10	3	0	0
10	3	1	0
10	3	2	0
10	3	3	0
10	3	4	0
10	3	5	5
10	3	6	8
10	3	7	15
10	3	8	31
10	3	9	35
10	3	10	30
10	3	11	13
10	3	12	2
10	3	13	0
10	4	0	0
10	4	1	0
10	4	2	0
10	4	3	0
10	4	4	0
10	4	5	4
10	4	6	14
10	4	7	28
10	4	8	30
10	4	9	31
10	4	10	48
10	4	11	28
10	4	12	3
10	4	13	0
10	5	0	0
10	5	1	0
10	5	2	0
10	5	3	0
10	5	4	0
10	5	5	2
10	5	6	11
10	5	7	26
10	5	8	27
10	5	9	22
10	5	10	38
10	5	11	41
10	5	12	6
10	5	13	2
10	6	0	0
10	6	1	0
10	6	2	0
10	6	3	0
10	6	4	0
10	6	5	1
10	6	6	6
10	6	7	19
10	6	8	18
10	6	9	38
10	6	10	40
10	6	11	39
10	6	12	12
10	6	13	0
10	7	0	0
10	7	1	0
10	7	2	0
10	7	3	0
10	7	4	0
10	7	5	8
10	7	6	11
10	7	7	23
10	7	8	15
10	7	9	28
10	7	10	52
10	7	11	46
10	7	12	14
10	7	13	0
10	8	0	0
10	8	1	0
10	8	2	0
10	8	3	0
10	8	4	0
10	8	5	0
10	8	6	14
10	8	7	16
10	8	8	27
10	8	9	30
10	8	10	37
10	8	11	49
10	8	12	12
10	8	13	0
10	9	0	0
10	9	1	0
10	9	2	0
10	9	3	0
10	9	4	0
10	9	5	8
10	9	6	13
10	9	7	27
10	9	8	22
10	9	9	32
10	9	10	45
10	9	11	37
10	9	12	15
10	9	13	0
10	10	0	0
10	10	1	0
10	10	2	0
10	10	3	0
10	10	4	1
10	10	5	6
10	10	6	12
10	10	7	13
10	10	8	17
10	10	9	50
10	10	10	39
10	10	11	48
10	10	12	14
10	10	13	2
10	11	0	0
10	11	1	0
10	11	2	0
10	11	3	0
10	11	4	0
10	11	5	6
10	11	6	12
10	11	7	17
10	11	8	21
10	11	9	36
10	11	10	36
10	11	11	39
10	11	12	9
10	11	13	0
10	12	0	0
10	12	1	0
10	12	2	0
10	12	3	0
10	12	4	0
10	12	5	2
10	12	6	13
10	12	7	16
10	12	8	13
10	12	9	30
10	12	10	40
10	12	11	37
10	12	12	9
10	12	13	1
10	13	0	0
10	13	1	0
10	13	2	0
10	13	3	0
10	13	4	0
10	13	5	7
10	13	6	10
10	13	7	25
10	13	8	19
10	13	9	34
10	13	10	52
10	13	11	45
10	13	12	9
10	13	13	0
10	14	0	0
10	14	1	0
10	14	2	0
10	14	3	0
10	14	4	2
10	14	5	4
10	14	6	15
10	14	7	19
10	14	8	24
10	14	9	54
10	14	10	47
10	14	11	42
10	14	12	6
10	14	13	0
10	15	0	0
10	15	1	0
10	15	2	0
10	15	3	0
10	15	4	0
10	15	5	10
10	15	6	19
10	15	7	23
10	15	8	20
10	15	9	36
10	15	10	53
10	15	11	29
10	15	12	1
10	15	13	0
10	16	0	0
10	16	1	0
10	16	2	0
10	16	3	0
10	16	4	0
10	16	5	6
10	16	6	16
10	16	7	19
10	16	8	25
10	16	9	39
10	16	10	46
10	16	11	6
10	16	12	0
10	16	13	0
10	17	0	0
10	17	1	0
10	17	2	0
10	17	3	0
10	17	4	2
10	17	5	6
10	17	6	12
10	17	7	13
10	17	8	25
10	17	9	22
10	17	10	9
10	17	11	0
10	17	12	0
10	17	13	0
10	18	0	0
10	18	1	0
10	18	2	0
10	18	3	0
10	18	4	0
10	18	5	6
10	18	6	5
10	18	7	19
10	18	8	25
10	18	9	15
10	18	10	0
10	18	11	0
10	18	12	0
10	18	13	0
10	19	0	0
10	19	1	0
10	19	2	0
10	19	3	0
10	19	4	1
10	19	5	3
10	19	6	4
10	19	7	13
10	19	8	3
10	19	9	1
10	19	10	0
10	19	11	0
10	19	12	0
10	19	13	0
11	0	0	0
11	0	1	0
11	0	2	0
11	0	3	0
11	0	4	0
11	0	5	0
11	0	6	0
11	0	7	1
11	0	8	5
11	0	9	3
11	0	10	0
11	0	11	0
11	0	12	0
11	0	13	0
11	1	0	0
11	1	1	0
11	1	2	0
11	1	3	0
11	1	4	0
11	1	5	0
11	1	6	0
11	1	7	0
11	1	8	6
11	1	9	8
11	1	10	3
11	1	11	0
11	1	12	0
11	1	13	0
11	2	0	0
11	2	1	0
11	2	2	0
11	2	3	0
11	2	4	0
11	2	5	0
11	2	6	1
11	2	7	5
11	2	8	6
11	2	9	12
11	2	10	8
11	2	11	1
11	2	12	0
11	2	13	0
11	3	0	0
11	3	1	0
11	3	2	0
11	3	3	0
11	3	4	0
11	3	5	0
11	3	6	0
11	3	7	4
11	3	8	9
11	3	9	15
11	3	10	18
11	3	11	9
11	3	12	0
11	3	13	1
11	4	0	0
11	4	1	0
11	4	2	0
11	4	3	0
11	4	4	0
11	4	5	0
11	4	6	1
11	4	7	10
11	4	8	15
11	4	9	10
11	4	10	23
11	4	11	26
11	4	12	12
11	4	13	0
11	5	0	0
11	5	1	0
11	5	2	0
11	5	3	0
11	5	4	0
11	5	5	0
11	5	6	0
11	5	7	4
11	5	8	8
11	5	9	14
11	5	10	40
11	5	11	33
11	5	12	18
11	5	13	1
11	6	0	0
11	6	1	0
11	6	2	0
11	6	3	0
11	6	4	0
11	6	5	0
11	6	6	0
11	6	7	1
11	6	8	16
11	6	9	19
11	6	10	22
11	6	11	27
11	6	12	18
11	6	13	1
11	7	0	0
11	7	1	0
11	7	2	0
11	7	3	0
11	7	4	0
11	7	5	0
11	7	6	0
11	7	7	7
11	7	8	10
11	7	9	13
11	7	10	24
11	7	11	38
11	7	12	15
11	7	13	0
11	8	0	0
11	8	1	0
11	8	2	0
11	8	3	0
11	8	4	0
11	8	5	0
11	8	6	3
11	8	7	8
11	8	8	15
11	8	9	21
11	8	10	26
11	8	11	36
11	8	12	13
11	8	13	1
11	9	0	0
11	9	1	0
11	9	2	0
11	9	3	0
11	9	4	0
11	9	5	0
11	9	6	1
11	9	7	9
11	9	8	13
11	9	9	20
11	9	10	24
11	9	11	29
11	9	12	25
11	9	13	1
11	10	0	0
11	10	1	0
11	10	2	0
11	10	3	0
11	10	4	0
11	10	5	0
11	10	6	1
11	10	7	6
11	10	8	11
11	10	9	23
11	10	10	20
11	10	11	36
11	10	12	14
11	10	13	0
11	11	0	0
11	11	1	0
11	11	2	0
11	11	3	0
11	11	4	0
11	11	5	0
11	11	6	2
11	11	7	5
11	11	8	11
11	11	9	24
11	11	10	27
11	11	11	43
11	11	12	16
11	11	13	2
11	12	0	0
11	12	1	0
11	12	2	0
11	12	3	0
11	12	4	0
11	12	5	0
11	12	6	1
11	12	7	8
11	12	8	22
11	12	9	16
11	12	10	23
11	12	11	27
11	12	12	17
11	12	13	1
11	13	0	0
11	13	1	0
11	13	2	0
11	13	3	0
11	13	4	0
11	13	5	0
11	13	6	1
11	13	7	5
11	13	8	3
11	13	9	14
11	13	10	25
11	13	11	29
11	13	12	18
11	13	13	0
11	14	0	0
11	14	1	0
11	14	2	0
11	14	3	0
11	14	4	0
11	14	5	0
11	14	6	0
11	14	7	8
11	14	8	9
11	14	9	17
11	14	10	28
11	14	11	25
11	14	12	8
11	14	13	0
11	15	0	0
11	15	1	0
11	15	2	0
11	15	3	0
11	15	4	0
11	15	5	0
11	15	6	0
11	15	7	11
11	15	8	14
11	15	9	19
11	15	10	38
11	15	11	36
11	15	12	10
11	15	13	0
11	16	0	0
11	16	1	0
11	16	2	0
11	16	3	0
11	16	4	0
11	16	5	0
11	16	6	5
11	16	7	9
11	16	8	9
11	16	9	17
11	16	10	28
11	16	11	11
11	16	12	1
11	16	13	0
11	17	0	0
11	17	1	0
11	17	2	0
11	17	3	0
11	17	4	0
11	17	5	0
11	17	6	0
11	17	7	5
11	17	8	11
11	17	9	13
11	17	10	6
11	17	11	1
11	17	12	0
11	17	13	0
11	18	0	0
11	18	1	0
11	18	2	0
11	18	3	0
11	18	4	0
11	18	5	0
11	18	6	3
11	18	7	8
11	18	8	14
11	18	9	10
11	18	10	0
11	18	11	0
11	18	12	0
11	18	13	0
11	19	0	0
11	19	1	0
11	19	2	0
11	19	3	0
11	19	4	0
11	19	5	0
11	19	6	1
11	19	7	3
11	19	8	5
11	19	9	1
11	19	10	0
11	19	11	0
11	19	12	0
11	19	13	0
12	0	0	0
12	0	1	0
12	0	2	0
12	0	3	0
12	0	4	0
12	0	5	0
12	0	6	0
12	0	7	0
12	0	8	0
12	0	9	0
12	0	10	0
12	0	11	0
12	0	12	0
12	0	13	0
12	1	0	0
12	1	1	0
12	1	2	0
12	1	3	0
12	1	4	0
12	1	5	0
12	1	6	0
12	1	7	0
12	1	8	0
12	1	9	2
12	1	10	0
12	1	11	0
12	1	12	0
12	1	13	0
12	2	0	0
12	2	1	0
12	2	2	0
12	2	3	0
12	2	4	0
12	2	5	0
12	2	6	0
12	2	7	0
12	2	8	0
12	2	9	1
12	2	10	2
12	2	11	2
12	2	12	0
12	2	13	0
12	3	0	0
12	3	1	0
12	3	2	0
12	3	3	0
12	3	4	0
12	3	5	0
12	3	6	0
12	3	7	0
12	3	8	1
12	3	9	1
12	3	10	6
12	3	11	5
12	3	12	4
12	3	13	0
12	4	0	0
12	4	1	0
12	4	2	0
12	4	3	0
12	4	4	0
12	4	5	0
12	4	6	0
12	4	7	0
12	4	8	1
12	4	9	6
12	4	10	5
12	4	11	13
12	4	12	5
12	4	13	0
12	5	0	0
12	5	1	0
12	5	2	0
12	5	3	0
12	5	4	0
12	5	5	0
12	5	6	0
12	5	7	0
12	5	8	1
12	5	9	1
12	5	10	2
12	5	11	6
12	5	12	13
12	5	13	1
12	6	0	0
12	6	1	0
12	6	2	0
12	6	3	0
12	6	4	0
12	6	5	0
12	6	6	0
12	6	7	0
12	6	8	0
12	6	9	3
12	6	10	4
12	6	11	9
12	6	12	8
12	6	13	1
12	7	0	0
12	7	1	0
12	7	2	0
12	7	3	0
12	7	4	0
12	7	5	0
12	7	6	1
12	7	7	0
12	7	8	1
12	7	9	3
12	7	10	7
12	7	11	14
12	7	12	11
12	7	13	2
12	8	0	0
12	8	1	0
12	8	2	0
12	8	3	0
12	8	4	0
12	8	5	0
12	8	6	0
12	8	7	0
12	8	8	1
12	8	9	5
12	8	10	4
12	8	11	8
12	8	12	14
12	8	13	3
12	9	0	0
12	9	1	0
12	9	2	0
12	9	3	0
12	9	4	0
12	9	5	0
12	9	6	0
12	9	7	0
12	9	8	0
12	9	9	5
12	9	10	9
12	9	11	9
12	9	12	8
12	9	13	0
12	10	0	0
12	10	1	0
12	10	2	0
12	10	3	0
12	10	4	0
12	10	5	0
12	10	6	0
12	10	7	0
12	10	8	2
12	10	9	3
12	10	10	3
12	10	11	11
12	10	12	12
12	10	13	3
12	11	0	0
12	11	1	0
12	11	2	0
12	11	3	0
12	11	4	0
12	11	5	0
12	11	6	0
12	11	7	0
12	11	8	1
12	11	9	10
12	11	10	10
12	11	11	11
12	11	12	8
12	11	13	0
12	12	0	0
12	12	1	0
12	12	2	0
12	12	3	0
12	12	4	0
12	12	5	0
12	12	6	0
12	12	7	0
12	12	8	1
12	12	9	4
12	12	10	4
12	12	11	13
12	12	12	3
12	12	13	0
12	13	0	0
12	13	1	0
12	13	2	0
12	13	3	0
12	13	4	0
12	13	5	0
12	13	6	0
12	13	7	0
12	13	8	1
12	13	9	7
12	13	10	9
12	13	11	12
12	13	12	9
12	13	13	1
12	14	0	0
12	14	1	0
12	14	2	0
12	14	3	0
12	14	4	0
12	14	5	0
12	14	6	0
12	14	7	0
12	14	8	0
12	14	9	6
12	14	10	10
12	14	11	12
12	14	12	3
12	14	13	0
12	15	0	0
12	15	1	0
12	15	2	0
12	15	3	0
12	15	4	0
12	15	5	0
12	15	6	0
12	15	7	0
12	15	8	4
12	15	9	6
12	15	10	12
12	15	11	6
12	15	12	2
12	15	13	0
12	16	0	0
12	16	1	0
12	16	2	0
12	16	3	0
12	16	4	0
12	16	5	0
12	16	6	0
12	16	7	0
12	16	8	1
12	16	9	4
12	16	10	12
12	16	11	6
12	16	12	0
12	16	13	0
12	17	0	0
12	17	1	0
12	17	2	0
12	17	3	0
12	17	4	0
12	17	5	0
12	17	6	0
12	17	7	0
12	17	8	1
12	17	9	3
12	17	10	5
12	17	11	1
12	17	12	0
12	17	13	0
12	18	0	0
12	18	1	0
12	18	2	0
12	18	3	0
12	18	4	0
12	18	5	0
12	18	6	0
12	18	7	0
12	18	8	2
12	18	9	4
12	18	10	7
12	18	11	0
12	18	12	0
12	18	13	0
12	19	0	0
12	19	1	0
12	19	2	0
12	19	3	0
12	19	4	0
12	19	5	0
12	19	6	0
12	19	7	0
12	19	8	2
12	19	9	0
12	19	10	1
12	19	11	0
12	19	12	0
12	19	13	0
13	0	0	0
13	0	1	0
13	0	2	0
13	0	3	0
13	0	4	0
13	0	5	0
13	0	6	0
13	0	7	0
13	0	8	0
13	0	9	0
13	0	10	0
13	0	11	0
13	0	12	0
13	0	13	0
13	1	0	0
13	1	1	0
13	1	2	0
13	1	3	0
13	1	4	0
13	1	5	0
13	1	6	0
13	1	7	0
13	1	8	0
13	1	9	0
13	1	10	0
13	1	11	0
13	1	12	0
13	1	13	0
13	2	0	0
13	2	1	0
13	2	2	0
13	2	3	0
13	2	4	0
13	2	5	0
13	2	6	0
13	2	7	0
13	2	8	0
13	2	9	0
13	2	10	0
13	2	11	0
13	2	12	1
13	2	13	0
13	3	0	0
13	3	1	0
13	3	2	0
13	3	3	0
13	3	4	0
13	3	5	0
13	3	6	0
13	3	7	0
13	3	8	0
13	3	9	0
13	3	10	0
13	3	11	1
13	3	12	0
13	3	13	0
13	4	0	0
13	4	1	0
13	4	2	0
13	4	3	0
13	4	4	0
13	4	5	0
13	4	6	0
13	4	7	0
13	4	8	0
13	4	9	0
13	4	10	1
13	4	11	2
13	4	12	2
13	4	13	0
13	5	0	0
13	5	1	0
13	5	2	0
13	5	3	0
13	5	4	0
13	5	5	0
13	5	6	0
13	5	7	0
13	5	8	0
13	5	9	0
13	5	10	1
13	5	11	1
13	5	12	1
13	5	13	2
13	6	0	0
13	6	1	0
13	6	2	0
13	6	3	0
13	6	4	0
13	6	5	0
13	6	6	0
13	6	7	0
13	6	8	0
13	6	9	0
13	6	10	0
13	6	11	1
13	6	12	7
13	6	13	1
13	7	0	0
13	7	1	0
13	7	2	0
13	7	3	0
13	7	4	0
13	7	5	0
13	7	6	0
13	7	7	0
13	7	8	0
13	7	9	0
13	7	10	0
13	7	11	1
13	7	12	2
13	7	13	4
13	8	0	0
13	8	1	0
13	8	2	0
13	8	3	0
13	8	4	0
13	8	5	0
13	8	6	0
13	8	7	0
13	8	8	0
13	8	9	0
13	8	10	0
13	8	11	3
13	8	12	2
13	8	13	2
13	9	0	0
13	9	1	0
13	9	2	0
13	9	3	0
13	9	4	0
13	9	5	0
13	9	6	0
13	9	7	0
13	9	8	0
13	9	9	0
13	9	10	0
13	9	11	2
13	9	12	2
13	9	13	4
13	10	0	0
13	10	1	0
13	10	2	0
13	10	3	0
13	10	4	0
13	10	5	0
13	10	6	0
13	10	7	0
13	10	8	0
13	10	9	0
13	10	10	0
13	10	11	4
13	10	12	1
13	10	13	5
13	11	0	0
13	11	1	0
13	11	2	0
13	11	3	0
13	11	4	0
13	11	5	0
13	11	6	0
13	11	7	0
13	11	8	0
13	11	9	0
13	11	10	0
13	11	11	1
13	11	12	2
13	11	13	1
13	12	0	0
13	12	1	0
13	12	2	0
13	12	3	0
13	12	4	0
13	12	5	0
13	12	6	0
13	12	7	0
13	12	8	0
13	12	9	0
13	12	10	1
13	12	11	2
13	12	12	3
13	12	13	2
13	13	0	0
13	13	1	0
13	13	2	0
13	13	3	0
13	13	4	0
13	13	5	0
13	13	6	0
13	13	7	0
13	13	8	0
13	13	9	0
13	13	10	0
13	13	11	3
13	13	12	4
13	13	13	0
13	14	0	0
13	14	1	0
13	14	2	0
13	14	3	0
13	14	4	0
13	14	5	0
13	14	6	0
13	14	7	0
13	14	8	0
13	14	9	0
13	14	10	0
13	14	11	4
13	14	12	3
13	14	13	1
13	15	0	0
13	15	1	0
13	15	2	0
13	15	3	0
13	15	4	0
13	15	5	0
13	15	6	0
13	15	7	0
13	15	8	0
13	15	9	0
13	15	10	0
13	15	11	2
13	15	12	6
13	15	13	1
13	16	0	0
13	16	1	0
13	16	2	0
13	16	3	0
13	16	4	0
13	16	5	0
13	16	6	0
13	16	7	0
13	16	8	0
13	16	9	0
13	16	10	0
13	16	11	1
13	16	12	2
13	16	13	0
13	17	0	0
13	17	1	0
13	17	2	0
13	17	3	0
13	17	4	0
13	17	5	0
13	17	6	0
13	17	7	0
13	17	8	0
13	17	9	0
13	17	10	0
13	17	11	0
13	17	12	1
13	17	13	1
13	18	0	0
13	18	1	0
13	18	2	0
13	18	3	0
13	18	4	0
13	18	5	0
13	18	6	0
13	18	7	0
13	18	8	0
13	18	9	0
13	18	10	0
13	18	11	0
13	18	12	0
13	18	13	0
13	19	0	0
13	19	1	0
13	19	2	0
13	19	3	0
13	19	4	0
13	19	5	0
13	19	6	0
13	19	7	0
13	19	8	0
13	19	9	0
13	19	10	0
13	19	11	0
13	19	12	0
13	19	13	0
14	0	0	0
14	0	1	0
14	0	2	0
14	0	3	0
14	0	4	0
14	0	5	0
14	0	6	0
14	0	7	0
14	0	8	0
14	0	9	0
14	0	10	0
14	0	11	0
14	0	12	0
14	0	13	0
14	1	0	0
14	1	1	0
14	1	2	0
14	1	3	0
14	1	4	0
14	1	5	0
14	1	6	0
14	1	7	0
14	1	8	0
14	1	9	0
14	1	10	0
14	1	11	0
14	1	12	0
14	1	13	0
14	2	0	0
14	2	1	0
14	2	2	0
14	2	3	0
14	2	4	0
14	2	5	0
14	2	6	0
14	2	7	0
14	2	8	0
14	2	9	0
14	2	10	0
14	2	11	0
14	2	12	0
14	2	13	0
14	3	0	0
14	3	1	0
14	3	2	0
14	3	3	0
14	3	4	0
14	3	5	0
14	3	6	0
14	3	7	0
14	3	8	0
14	3	9	0
14	3	10	0
14	3	11	0
14	3	12	0
14	3	13	0
14	4	0	0
14	4	1	0
14	4	2	0
14	4	3	0
14	4	4	0
14	4	5	0
14	4	6	0
14	4	7	0
14	4	8	0
14	4	9	0
14	4	10	0
14	4	11	0
14	4	12	0
14	4	13	0
14	5	0	0
14	5	1	0
14	5	2	0
14	5	3	0
14	5	4	0
14	5	5	0
14	5	6	0
14	5	7	0
14	5	8	0
14	5	9	0
14	5	10	0
14	5	11	0
14	5	12	0
14	5	13	0
14	6	0	0
14	6	1	0
14	6	2	0
14	6	3	0
14	6	4	0
14	6	5	0
14	6	6	0
14	6	7	0
14	6	8	0
14	6	9	0
14	6	10	0
14	6	11	0
14	6	12	0
14	6	13	0
14	7	0	0
14	7	1	0
14	7	2	0
14	7	3	0
14	7	4	0
14	7	5	0
14	7	6	0
14	7	7	0
14	7	8	0
14	7	9	0
14	7	10	0
14	7	11	0
14	7	12	0
14	7	13	0
14	8	0	0
14	8	1	0
14	8	2	0
14	8	3	0
14	8	4	0
14	8	5	0
14	8	6	0
14	8	7	0
14	8	8	0
14	8	9	0
14	8	10	0
14	8	11	0
14	8	12	0
14	8	13	0
14	9	0	0
14	9	1	0
14	9	2	0
14	9	3	0
14	9	4	0
14	9	5	0
14	9	6	0
14	9	7	0
14	9	8	0
14	9	9	0
14	9	10	0
14	9	11	0
14	9	12	0
14	9	13	0
14	10	0	0
14	10	1	0
14	10	2	0
14	10	3	0
14	10	4	0
14	10	5	0
14	10	6	0
14	10	7	0
14	10	8	0
14	10	9	0
14	10	10	0
14	10	11	0
14	10	12	0
14	10	13	0
14	11	0	0
14	11	1	0
14	11	2	0
14	11	3	0
14	11	4	0
14	11	5	0
14	11	6	0
14	11	7	0
14	11	8	0
14	11	9	0
14	11	10	0
14	11	11	0
14	11	12	0
14	11	13	0
14	12	0	0
14	12	1	0
14	12	2	0
14	12	3	0
14	12	4	0
14	12	5	0
14	12	6	0
14	12	7	0
14	12	8	0
14	12	9	0
14	12	10	0
14	12	11	0
14	12	12	0
14	12	13	0
14	13	0	0
14	13	1	0
14	13	2	0
14	13	3	0
14	13	4	0
14	13	5	0
14	13	6	0
14	13	7	0
14	13	8	0
14	13	9	0
14	13	10	0
14	13	11	0
14	13	12	0
14	13	13	0
14	14	0	0
14	14	1	0
14	14	2	0
14	14	3	0
14	14	4	0
14	14	5	0
14	14	6	0
14	14	7	0
14	14	8	0
14	14	9	0
14	14	10	0
14	14	11	0
14	14	12	0
14	14	13	1
14	15	0	0
14	15	1	0
14	15	2	0
14	15	3	0
14	15	4	0
14	15	5	0
14	15	6	0
14	15	7	0
14	15	8	0
14	15	9	0
14	15	10	0
14	15	11	0
14	15	12	0
14	15	13	1
14	16	0	0
14	16	1	0
14	16	2	0
14	16	3	0
14	16	4	0
14	16	5	0
14	16	6	0
14	16	7	0
14	16	8	0
14	16	9	0
14	16	10	0
14	16	11	0
14	16	12	0
14	16	13	0
14	17	0	0
14	17	1	0
14	17	2	0
14	17	3	0
14	17	4	0
14	17	5	0
14	17	6	0
14	17	7	0
14	17	8	0
14	17	9	0
14	17	10	0
14	17	11	0
14	17	12	0
14	17	13	0
14	18	0	0
14	18	1	0
14	18	2	0
14	18	3	0
14	18	4	0
14	18	5	0
14	18	6	0
14	18	7	0
14	18	8	0
14	18	9	0
14	18	10	0
14	18	11	0
14	18	12	0
14	18	13	0
14	19	0	0
14	19	1	0
14	19	2	0
14	19	3	0
14	19	4	0
14	19	5	0
14	19	6	0
14	19	7	0
14	19	8	0
14	19	9	0
14	19	10	0
14	19	11	0
14	19	12	0
14	19	13	0
