0	0	0	10
0	0	1	5
0	0	2	2
0	0	3	1
0	0	4	1
0	0	5	0
0	0	6	0
0	0	7	0
0	0	8	0
0	0	9	0
0	0	10	0
0	0	11	0
0	0	12	0
0	0	13	0
0	1	0	31
0	1	1	16
0	1	2	6
0	1	3	3
0	1	4	0
0	1	5	1
0	1	6	0
0	1	7	0
0	1	8	0
0	1	9	0
0	1	10	0
0	1	11	0
0	1	12	0
0	1	13	0
0	2	0	7
0	2	1	3
0	2	2	2
0	2	3	1
0	2	4	0
0	2	5	0
0	2	6	0
0	2	7	0
0	2	8	0
0	2	9	0
0	2	10	0
0	2	11	1
0	2	12	0
0	2	13	0
0	3	0	2
0	3	1	1
0	3	2	1
0	3	3	2
0	3	4	0
0	3	5	0
0	3	6	1
0	3	7	0
0	3	8	0
0	3	9	0
0	3	10	0
0	3	11	1
0	3	12	0
0	3	13	0
0	4	0	0
0	4	1	1
0	4	2	0
0	4	3	1
0	4	4	0
0	4	5	0
0	4	6	0
0	4	7	2
0	4	8	0
0	4	9	0
0	4	10	0
0	4	11	0
0	4	12	0
0	4	13	0
0	5	0	0
0	5	1	0
0	5	2	0
0	5	3	0
0	5	4	0
0	5	5	1
0	5	6	0
0	5	7	0
0	5	8	1
0	5	9	1
0	5	10	0
0	5	11	1
0	5	12	0
0	5	13	0
0	6	0	0
0	6	1	0
0	6	2	0
0	6	3	0
0	6	4	1
0	6	5	0
0	6	6	1
0	6	7	0
0	6	8	3
0	6	9	5
0	6	10	0
0	6	11	0
0	6	12	0
0	6	13	0
0	7	0	0
0	7	1	0
0	7	2	0
0	7	3	1
0	7	4	0
0	7	5	1
0	7	6	0
0	7	7	1
0	7	8	20
0	7	9	9
0	7	10	0
0	7	11	0
0	7	12	0
0	7	13	0
0	8	0	0
0	8	1	0
0	8	2	0
0	8	3	0
0	8	4	1
0	8	5	5
0	8	6	1
0	8	7	5
0	8	8	96
0	8	9	25
0	8	10	0
0	8	11	0
0	8	12	0
0	8	13	0
0	9	0	0
0	9	1	0
0	9	2	1
0	9	3	1
0	9	4	0
0	9	5	2
0	9	6	2
0	9	7	5
0	9	8	130
0	9	9	33
0	9	10	0
0	9	11	0
0	9	12	1
0	9	13	0
0	10	0	0
0	10	1	0
0	10	2	0
0	10	3	0
0	10	4	1
0	10	5	0
0	10	6	2
0	10	7	4
0	10	8	106
0	10	9	23
0	10	10	0
0	10	11	0
0	10	12	0
0	10	13	0
0	11	0	0
0	11	1	0
0	11	2	0
0	11	3	0
0	11	4	0
0	11	5	0
0	11	6	0
0	11	7	4
0	11	8	82
0	11	9	19
0	11	10	0
0	11	11	1
0	11	12	0
0	11	13	0
0	12	0	1
0	12	1	0
0	12	2	0
0	12	3	0
0	12	4	1
0	12	5	1
0	12	6	2
0	12	7	2
0	12	8	26
0	12	9	9
0	12	10	0
0	12	11	1
0	12	12	0
0	12	13	0
0	13	0	0
0	13	1	1
0	13	2	0
0	13	3	0
0	13	4	0
0	13	5	0
0	13	6	1
0	13	7	2
0	13	8	2
0	13	9	3
0	13	10	0
0	13	11	0
0	13	12	0
0	13	13	0
0	14	0	0
0	14	1	0
0	14	2	0
0	14	3	0
0	14	4	2
0	14	5	0
0	14	6	0
0	14	7	0
0	14	8	3
0	14	9	0
0	14	10	1
0	14	11	0
0	14	12	0
0	14	13	0
0	15	0	0
0	15	1	0
0	15	2	1
0	15	3	0
0	15	4	0
0	15	5	0
0	15	6	0
0	15	7	1
0	15	8	0
0	15	9	0
0	15	10	0
0	15	11	0
0	15	12	0
0	15	13	0
0	16	0	1
0	16	1	1
0	16	2	0
0	16	3	0
0	16	4	0
0	16	5	0
0	16	6	0
0	16	7	0
0	16	8	0
0	16	9	0
0	16	10	0
0	16	11	0
0	16	12	0
0	16	13	0
0	17	0	10
0	17	1	4
0	17	2	1
0	17	3	1
0	17	4	1
0	17	5	0
0	17	6	0
0	17	7	0
0	17	8	0
0	17	9	0
0	17	10	0
0	17	11	0
0	17	12	0
0	17	13	0
0	18	0	30
0	18	1	6
0	18	2	3
0	18	3	2
0	18	4	0
0	18	5	0
0	18	6	0
0	18	7	0
0	18	8	0
0	18	9	0
0	18	10	0
0	18	11	0
0	18	12	0
0	18	13	0
0	19	0	3
0	19	1	2
0	19	2	2
0	19	3	0
0	19	4	0
0	19	5	0
0	19	6	0
0	19	7	0
0	19	8	0
0	19	9	0
0	19	10	0
0	19	11	0
0	19	12	0
0	19	13	0
1	0	0	16
1	0	1	19
1	0	2	30
1	0	3	15
1	0	4	7
1	0	5	1
1	0	6	0
1	0	7	0
1	0	8	0
1	0	9	0
1	0	10	0
1	0	11	0
1	0	12	0
1	0	13	0
1	1	0	58
1	1	1	74
1	1	2	73
1	1	3	40
1	1	4	13
1	1	5	2
1	1	6	0
1	1	7	0
1	1	8	0
1	1	9	0
1	1	10	0
1	1	11	0
1	1	12	0
1	1	13	0
1	2	0	45
1	2	1	44
1	2	2	41
1	2	3	24
1	2	4	5
1	2	5	3
1	2	6	0
1	2	7	0
1	2	8	0
1	2	9	0
1	2	10	0
1	2	11	0
1	2	12	0
1	2	13	0
1	3	0	20
1	3	1	25
1	3	2	17
1	3	3	8
1	3	4	2
1	3	5	0
1	3	6	4
1	3	7	0
1	3	8	0
1	3	9	0
1	3	10	0
1	3	11	0
1	3	12	0
1	3	13	0
1	4	0	5
1	4	1	3
1	4	2	3
1	4	3	2
1	4	4	0
1	4	5	5
1	4	6	1
1	4	7	2
1	4	8	3
1	4	9	1
1	4	10	0
1	4	11	0
1	4	12	0
1	4	13	0
1	5	0	0
1	5	1	4
1	5	2	1
1	5	3	3
1	5	4	2
1	5	5	2
1	5	6	3
1	5	7	3
1	5	8	6
1	5	9	17
1	5	10	0
1	5	11	0
1	5	12	0
1	5	13	0
1	6	0	1
1	6	1	0
1	6	2	1
1	6	3	2
1	6	4	2
1	6	5	2
1	6	6	3
1	6	7	8
1	6	8	36
1	6	9	45
1	6	10	0
1	6	11	0
1	6	12	0
1	6	13	0
1	7	0	2
1	7	1	0
1	7	2	2
1	7	3	3
1	7	4	7
1	7	5	4
1	7	6	7
1	7	7	27
1	7	8	153
1	7	9	112
1	7	10	0
1	7	11	1
1	7	12	0
1	7	13	0
1	8	0	0
1	8	1	0
1	8	2	0
1	8	3	3
1	8	4	1
1	8	5	3
1	8	6	7
1	8	7	37
1	8	8	303
1	8	9	140
1	8	10	1
1	8	11	0
1	8	12	1
1	8	13	0
1	9	0	0
1	9	1	1
1	9	2	0
1	9	3	0
1	9	4	3
1	9	5	2
1	9	6	8
1	9	7	45
1	9	8	312
1	9	9	109
1	9	10	0
1	9	11	0
1	9	12	0
1	9	13	0
1	10	0	1
1	10	1	0
1	10	2	3
1	10	3	0
1	10	4	1
1	10	5	3
1	10	6	4
1	10	7	35
1	10	8	307
1	10	9	86
1	10	10	0
1	10	11	0
1	10	12	0
1	10	13	0
1	11	0	0
1	11	1	1
1	11	2	0
1	11	3	2
1	11	4	1
1	11	5	2
1	11	6	5
1	11	7	33
1	11	8	286
1	11	9	99
1	11	10	0
1	11	11	0
1	11	12	0
1	11	13	0
1	12	0	0
1	12	1	2
1	12	2	0
1	12	3	0
1	12	4	1
1	12	5	0
1	12	6	5
1	12	7	16
1	12	8	157
1	12	9	96
1	12	10	0
1	12	11	0
1	12	12	0
1	12	13	0
1	13	0	2
1	13	1	0
1	13	2	3
1	13	3	2
1	13	4	0
1	13	5	1
1	13	6	3
1	13	7	4
1	13	8	49
1	13	9	44
1	13	10	0
1	13	11	0
1	13	12	0
1	13	13	0
1	14	0	3
1	14	1	4
1	14	2	1
1	14	3	2
1	14	4	1
1	14	5	1
1	14	6	1
1	14	7	3
1	14	8	12
1	14	9	6
1	14	10	0
1	14	11	0
1	14	12	0
1	14	13	0
1	15	0	1
1	15	1	9
1	15	2	3
1	15	3	2
1	15	4	0
1	15	5	2
1	15	6	0
1	15	7	0
1	15	8	0
1	15	9	0
1	15	10	0
1	15	11	0
1	15	12	0
1	15	13	0
1	16	0	23
1	16	1	10
1	16	2	4
1	16	3	9
1	16	4	1
1	16	5	0
1	16	6	0
1	16	7	0
1	16	8	0
1	16	9	0
1	16	10	1
1	16	11	0
1	16	12	0
1	16	13	0
1	17	0	69
1	17	1	28
1	17	2	19
1	17	3	3
1	17	4	1
1	17	5	1
1	17	6	0
1	17	7	0
1	17	8	0
1	17	9	0
1	17	10	0
1	17	11	0
1	17	12	0
1	17	13	0
1	18	0	88
1	18	1	48
1	18	2	36
1	18	3	12
1	18	4	1
1	18	5	0
1	18	6	0
1	18	7	1
1	18	8	0
1	18	9	0
1	18	10	0
1	18	11	0
1	18	12	0
1	18	13	0
1	19	0	16
1	19	1	20
1	19	2	7
1	19	3	1
1	19	4	2
1	19	5	0
1	19	6	0
1	19	7	0
1	19	8	0
1	19	9	0
1	19	10	0
1	19	11	0
1	19	12	0
1	19	13	0
2	0	0	16
2	0	1	33
2	0	2	51
2	0	3	53
2	0	4	37
2	0	5	22
2	0	6	0
2	0	7	0
2	0	8	0
2	0	9	0
2	0	10	0
2	0	11	0
2	0	12	0
2	0	13	0
2	1	0	68
2	1	1	61
2	1	2	93
2	1	3	95
2	1	4	94
2	1	5	57
2	1	6	11
2	1	7	1
2	1	8	0
2	1	9	0
2	1	10	0
2	1	11	0
2	1	12	0
2	1	13	0
2	2	0	51
2	2	1	59
2	2	2	86
2	2	3	81
2	2	4	64
2	2	5	40
2	2	6	29
2	2	7	6
2	2	8	0
2	2	9	0
2	2	10	0
2	2	11	0
2	2	12	0
2	2	13	0
2	3	0	37
2	3	1	53
2	3	2	63
2	3	3	48
2	3	4	45
2	3	5	30
2	3	6	22
2	3	7	9
2	3	8	2
2	3	9	1
2	3	10	0
2	3	11	0
2	3	12	0
2	3	13	0
2	4	0	17
2	4	1	27
2	4	2	40
2	4	3	28
2	4	4	43
2	4	5	29
2	4	6	26
2	4	7	23
2	4	8	39
2	4	9	11
2	4	10	0
2	4	11	0
2	4	12	0
2	4	13	0
2	5	0	14
2	5	1	18
2	5	2	21
2	5	3	29
2	5	4	20
2	5	5	20
2	5	6	25
2	5	7	29
2	5	8	74
2	5	9	140
2	5	10	0
2	5	11	0
2	5	12	0
2	5	13	0
2	6	0	7
2	6	1	15
2	6	2	25
2	6	3	24
2	6	4	21
2	6	5	16
2	6	6	39
2	6	7	82
2	6	8	208
2	6	9	157
2	6	10	0
2	6	11	0
2	6	12	0
2	6	13	0
2	7	0	2
2	7	1	13
2	7	2	5
2	7	3	12
2	7	4	15
2	7	5	29
2	7	6	59
2	7	7	158
2	7	8	378
2	7	9	229
2	7	10	0
2	7	11	0
2	7	12	0
2	7	13	0
2	8	0	0
2	8	1	11
2	8	2	4
2	8	3	12
2	8	4	22
2	8	5	30
2	8	6	52
2	8	7	165
2	8	8	457
2	8	9	214
2	8	10	0
2	8	11	0
2	8	12	0
2	8	13	0
2	9	0	2
2	9	1	4
2	9	2	8
2	9	3	12
2	9	4	15
2	9	5	27
2	9	6	46
2	9	7	192
2	9	8	477
2	9	9	172
2	9	10	0
2	9	11	0
2	9	12	0
2	9	13	0
2	10	0	3
2	10	1	2
2	10	2	8
2	10	3	10
2	10	4	15
2	10	5	26
2	10	6	54
2	10	7	168
2	10	8	491
2	10	9	169
2	10	10	1
2	10	11	0
2	10	12	0
2	10	13	0
2	11	0	3
2	11	1	6
2	11	2	9
2	11	3	10
2	11	4	10
2	11	5	20
2	11	6	44
2	11	7	181
2	11	8	467
2	11	9	177
2	11	10	1
2	11	11	1
2	11	12	0
2	11	13	0
2	12	0	2
2	12	1	16
2	12	2	10
2	12	3	10
2	12	4	15
2	12	5	26
2	12	6	39
2	12	7	127
2	12	8	347
2	12	9	216
2	12	10	2
2	12	11	0
2	12	12	0
2	12	13	0
2	13	0	5
2	13	1	12
2	13	2	13
2	13	3	12
2	13	4	17
2	13	5	14
2	13	6	25
2	13	7	83
2	13	8	250
2	13	9	201
2	13	10	0
2	13	11	0
2	13	12	0
2	13	13	0
2	14	0	13
2	14	1	26
2	14	2	27
2	14	3	19
2	14	4	16
2	14	5	12
2	14	6	19
2	14	7	39
2	14	8	95
2	14	9	98
2	14	10	0
2	14	11	0
2	14	12	0
2	14	13	0
2	15	0	38
2	15	1	41
2	15	2	37
2	15	3	33
2	15	4	25
2	15	5	16
2	15	6	13
2	15	7	11
2	15	8	12
2	15	9	8
2	15	10	0
2	15	11	0
2	15	12	0
2	15	13	0
2	16	0	61
2	16	1	45
2	16	2	67
2	16	3	36
2	16	4	42
2	16	5	11
2	16	6	11
2	16	7	3
2	16	8	0
2	16	9	0
2	16	10	0
2	16	11	0
2	16	12	0
2	16	13	0
2	17	0	68
2	17	1	74
2	17	2	73
2	17	3	69
2	17	4	30
2	17	5	18
2	17	6	3
2	17	7	0
2	17	8	0
2	17	9	0
2	17	10	0
2	17	11	0
2	17	12	0
2	17	13	0
2	18	0	105
2	18	1	66
2	18	2	77
2	18	3	72
2	18	4	58
2	18	5	5
2	18	6	0
2	18	7	0
2	18	8	0
2	18	9	0
2	18	10	0
2	18	11	0
2	18	12	0
2	18	13	0
2	19	0	31
2	19	1	32
2	19	2	29
2	19	3	30
2	19	4	18
2	19	5	2
2	19	6	0
2	19	7	0
2	19	8	0
2	19	9	0
2	19	10	0
2	19	11	0
2	19	12	0
2	19	13	0
3	0	0	24
3	0	1	23
3	0	2	34
3	0	3	67
3	0	4	85
3	0	5	56
3	0	6	15
3	0	7	0
3	0	8	0
3	0	9	0
3	0	10	0
3	0	11	0
3	0	12	0
3	0	13	0
3	1	0	38
3	1	1	56
3	1	2	68
3	1	3	114
3	1	4	121
3	1	5	160
3	1	6	113
3	1	7	23
3	1	8	1
3	1	9	0
3	1	10	0
3	1	11	0
3	1	12	0
3	1	13	0
3	2	0	48
3	2	1	73
3	2	2	77
3	2	3	121
3	2	4	127
3	2	5	143
3	2	6	157
3	2	7	56
3	2	8	9
3	2	9	0
3	2	10	0
3	2	11	0
3	2	12	0
3	2	13	0
3	3	0	26
3	3	1	53
3	3	2	86
3	3	3	97
3	3	4	141
3	3	5	138
3	3	6	141
3	3	7	140
3	3	8	76
3	3	9	6
3	3	10	0
3	3	11	0
3	3	12	0
3	3	13	0
3	4	0	33
3	4	1	62
3	4	2	66
3	4	3	65
3	4	4	107
3	4	5	114
3	4	6	152
3	4	7	173
3	4	8	210
3	4	9	133
3	4	10	3
3	4	11	0
3	4	12	0
3	4	13	0
3	5	0	20
3	5	1	66
3	5	2	86
3	5	3	80
3	5	4	103
3	5	5	125
3	5	6	119
3	5	7	188
3	5	8	231
3	5	9	263
3	5	10	9
3	5	11	0
3	5	12	0
3	5	13	0
3	6	0	17
3	6	1	50
3	6	2	72
3	6	3	75
3	6	4	104
3	6	5	124
3	6	6	188
3	6	7	277
3	6	8	440
3	6	9	264
3	6	10	4
3	6	11	0
3	6	12	0
3	6	13	0
3	7	0	17
3	7	1	38
3	7	2	59
3	7	3	75
3	7	4	99
3	7	5	124
3	7	6	185
3	7	7	299
3	7	8	477
3	7	9	246
3	7	10	6
3	7	11	0
3	7	12	0
3	7	13	0
3	8	0	6
3	8	1	37
3	8	2	45
3	8	3	71
3	8	4	75
3	8	5	136
3	8	6	195
3	8	7	358
3	8	8	491
3	8	9	200
3	8	10	7
3	8	11	1
3	8	12	0
3	8	13	0
3	9	0	5
3	9	1	37
3	9	2	52
3	9	3	68
3	9	4	92
3	9	5	122
3	9	6	179
3	9	7	301
3	9	8	490
3	9	9	198
3	9	10	5
3	9	11	0
3	9	12	0
3	9	13	0
3	10	0	5
3	10	1	40
3	10	2	44
3	10	3	64
3	10	4	94
3	10	5	139
3	10	6	212
3	10	7	340
3	10	8	473
3	10	9	172
3	10	10	5
3	10	11	0
3	10	12	1
3	10	13	0
3	11	0	12
3	11	1	44
3	11	2	53
3	11	3	63
3	11	4	77
3	11	5	125
3	11	6	214
3	11	7	305
3	11	8	498
3	11	9	167
3	11	10	3
3	11	11	0
3	11	12	0
3	11	13	0
3	12	0	13
3	12	1	53
3	12	2	65
3	12	3	84
3	12	4	111
3	12	5	130
3	12	6	195
3	12	7	318
3	12	8	478
3	12	9	202
3	12	10	3
3	12	11	1
3	12	12	0
3	12	13	0
3	13	0	25
3	13	1	48
3	13	2	68
3	13	3	76
3	13	4	78
3	13	5	123
3	13	6	159
3	13	7	272
3	13	8	471
3	13	9	265
3	13	10	2
3	13	11	0
3	13	12	0
3	13	13	0
3	14	0	40
3	14	1	75
3	14	2	76
3	14	3	91
3	14	4	113
3	14	5	127
3	14	6	141
3	14	7	199
3	14	8	372
3	14	9	261
3	14	10	0
3	14	11	0
3	14	12	0
3	14	13	0
3	15	0	45
3	15	1	59
3	15	2	71
3	15	3	91
3	15	4	120
3	15	5	114
3	15	6	122
3	15	7	134
3	15	8	162
3	15	9	79
3	15	10	0
3	15	11	0
3	15	12	0
3	15	13	0
3	16	0	69
3	16	1	65
3	16	2	91
3	16	3	109
3	16	4	117
3	16	5	123
3	16	6	113
3	16	7	87
3	16	8	27
3	16	9	1
3	16	10	0
3	16	11	0
3	16	12	0
3	16	13	0
3	17	0	93
3	17	1	64
3	17	2	90
3	17	3	92
3	17	4	123
3	17	5	140
3	17	6	75
3	17	7	21
3	17	8	0
3	17	9	0
3	17	10	0
3	17	11	0
3	17	12	0
3	17	13	0
3	18	0	71
3	18	1	75
3	18	2	78
3	18	3	106
3	18	4	122
3	18	5	124
3	18	6	52
3	18	7	3
3	18	8	0
3	18	9	0
3	18	10	0
3	18	11	0
3	18	12	0
3	18	13	0
3	19	0	19
3	19	1	15
3	19	2	44
3	19	3	56
3	19	4	48
3	19	5	19
3	19	6	0
3	19	7	0
3	19	8	0
3	19	9	0
3	19	10	0
3	19	11	0
3	19	12	0
3	19	13	0
4	0	0	8
4	0	1	8
4	0	2	13
4	0	3	28
4	0	4	37
4	0	5	71
4	0	6	63
4	0	7	3
4	0	8	0
4	0	9	0
4	0	10	0
4	0	11	0
4	0	12	0
4	0	13	0
4	1	0	16
4	1	1	25
4	1	2	28
4	1	3	57
4	1	4	82
4	1	5	140
4	1	6	195
4	1	7	108
4	1	8	1
4	1	9	1
4	1	10	0
4	1	11	0
4	1	12	0
4	1	13	0
4	2	0	21
4	2	1	32
4	2	2	45
4	2	3	83
4	2	4	125
4	2	5	164
4	2	6	251
4	2	7	204
4	2	8	78
4	2	9	0
4	2	10	0
4	2	11	0
4	2	12	0
4	2	13	0
4	3	0	25
4	3	1	41
4	3	2	56
4	3	3	79
4	3	4	94
4	3	5	147
4	3	6	203
4	3	7	249
4	3	8	239
4	3	9	51
4	3	10	0
4	3	11	0
4	3	12	0
4	3	13	0
4	4	0	31
4	4	1	55
4	4	2	56
4	4	3	87
4	4	4	103
4	4	5	118
4	4	6	162
4	4	7	206
4	4	8	310
4	4	9	225
4	4	10	11
4	4	11	0
4	4	12	0
4	4	13	0
4	5	0	23
4	5	1	67
4	5	2	75
4	5	3	117
4	5	4	121
4	5	5	148
4	5	6	233
4	5	7	280
4	5	8	327
4	5	9	242
4	5	10	23
4	5	11	1
4	5	12	0
4	5	13	0
4	6	0	12
4	6	1	64
4	6	2	61
4	6	3	100
4	6	4	133
4	6	5	159
4	6	6	214
4	6	7	329
4	6	8	344
4	6	9	223
4	6	10	18
4	6	11	0
4	6	12	0
4	6	13	0
4	7	0	11
4	7	1	54
4	7	2	89
4	7	3	96
4	7	4	133
4	7	5	178
4	7	6	232
4	7	7	333
4	7	8	331
4	7	9	188
4	7	10	18
4	7	11	0
4	7	12	0
4	7	13	0
4	8	0	9
4	8	1	61
4	8	2	66
4	8	3	86
4	8	4	120
4	8	5	167
4	8	6	253
4	8	7	305
4	8	8	291
4	8	9	132
4	8	10	18
4	8	11	1
4	8	12	0
4	8	13	1
4	9	0	12
4	9	1	55
4	9	2	88
4	9	3	89
4	9	4	133
4	9	5	177
4	9	6	238
4	9	7	317
4	9	8	279
4	9	9	148
4	9	10	16
4	9	11	0
4	9	12	0
4	9	13	0
4	10	0	14
4	10	1	54
4	10	2	66
4	10	3	84
4	10	4	146
4	10	5	168
4	10	6	242
4	10	7	332
4	10	8	289
4	10	9	150
4	10	10	22
4	10	11	0
4	10	12	0
4	10	13	0
4	11	0	15
4	11	1	47
4	11	2	74
4	11	3	104
4	11	4	114
4	11	5	181
4	11	6	259
4	11	7	309
4	11	8	307
4	11	9	143
4	11	10	17
4	11	11	0
4	11	12	0
4	11	13	0
4	12	0	12
4	12	1	60
4	12	2	87
4	12	3	95
4	12	4	112
4	12	5	188
4	12	6	237
4	12	7	323
4	12	8	374
4	12	9	165
4	12	10	14
4	12	11	1
4	12	12	1
4	12	13	0
4	13	0	32
4	13	1	65
4	13	2	94
4	13	3	103
4	13	4	135
4	13	5	171
4	13	6	254
4	13	7	323
4	13	8	386
4	13	9	240
4	13	10	12
4	13	11	0
4	13	12	0
4	13	13	0
4	14	0	31
4	14	1	58
4	14	2	83
4	14	3	117
4	14	4	120
4	14	5	195
4	14	6	241
4	14	7	325
4	14	8	440
4	14	9	316
4	14	10	13
4	14	11	0
4	14	12	0
4	14	13	0
4	15	0	52
4	15	1	55
4	15	2	96
4	15	3	99
4	15	4	122
4	15	5	180
4	15	6	251
4	15	7	317
4	15	8	409
4	15	9	255
4	15	10	2
4	15	11	0
4	15	12	0
4	15	13	0
4	16	0	49
4	16	1	67
4	16	2	89
4	16	3	93
4	16	4	151
4	16	5	177
4	16	6	220
4	16	7	242
4	16	8	213
4	16	9	15
4	16	10	0
4	16	11	0
4	16	12	0
4	16	13	0
4	17	0	62
4	17	1	62
4	17	2	74
4	17	3	92
4	17	4	128
4	17	5	219
4	17	6	235
4	17	7	169
4	17	8	16
4	17	9	0
4	17	10	0
4	17	11	0
4	17	12	0
4	17	13	0
4	18	0	33
4	18	1	28
4	18	2	56
4	18	3	84
4	18	4	119
4	18	5	145
4	18	6	191
4	18	7	33
4	18	8	0
4	18	9	0
4	18	10	0
4	18	11	0
4	18	12	0
4	18	13	0
4	19	0	6
4	19	1	9
4	19	2	20
4	19	3	43
4	19	4	68
4	19	5	87
4	19	6	23
4	19	7	0
4	19	8	0
4	19	9	0
4	19	10	0
4	19	11	0
4	19	12	0
4	19	13	0
5	0	0	3
5	0	1	4
5	0	2	6
5	0	3	5
5	0	4	16
5	0	5	21
5	0	6	32
5	0	7	12
5	0	8	1
5	0	9	0
5	0	10	0
5	0	11	0
5	0	12	0
5	0	13	0
5	1	0	3
5	1	1	15
5	1	2	21
5	1	3	23
5	1	4	25
5	1	5	60
5	1	6	103
5	1	7	115
5	1	8	6
5	1	9	0
5	1	10	0
5	1	11	0
5	1	12	0
5	1	13	0
5	2	0	4
5	2	1	17
5	2	2	11
5	2	3	21
5	2	4	49
5	2	5	58
5	2	6	107
5	2	7	166
5	2	8	125
5	2	9	7
5	2	10	0
5	2	11	0
5	2	12	0
5	2	13	0
5	3	0	22
5	3	1	21
5	3	2	27
5	3	3	26
5	3	4	44
5	3	5	53
5	3	6	115
5	3	7	155
5	3	8	223
5	3	9	78
5	3	10	1
5	3	11	0
5	3	12	0
5	3	13	0
5	4	0	20
5	4	1	34
5	4	2	44
5	4	3	55
5	4	4	74
5	4	5	90
5	4	6	133
5	4	7	132
5	4	8	162
5	4	9	136
5	4	10	19
5	4	11	0
5	4	12	0
5	4	13	0
5	5	0	20
5	5	1	48
5	5	2	66
5	5	3	72
5	5	4	82
5	5	5	117
5	5	6	140
5	5	7	174
5	5	8	175
5	5	9	134
5	5	10	35
5	5	11	1
5	5	12	0
5	5	13	0
5	6	0	13
5	6	1	54
5	6	2	61
5	6	3	79
5	6	4	99
5	6	5	128
5	6	6	148
5	6	7	155
5	6	8	164
5	6	9	110
5	6	10	27
5	6	11	1
5	6	12	0
5	6	13	0
5	7	0	7
5	7	1	58
5	7	2	55
5	7	3	89
5	7	4	104
5	7	5	133
5	7	6	170
5	7	7	167
5	7	8	123
5	7	9	100
5	7	10	28
5	7	11	0
5	7	12	0
5	7	13	0
5	8	0	13
5	8	1	68
5	8	2	71
5	8	3	103
5	8	4	108
5	8	5	129
5	8	6	160
5	8	7	172
5	8	8	108
5	8	9	111
5	8	10	27
5	8	11	0
5	8	12	0
5	8	13	0
5	9	0	7
5	9	1	60
5	9	2	66
5	9	3	100
5	9	4	112
5	9	5	157
5	9	6	158
5	9	7	153
5	9	8	105
5	9	9	82
5	9	10	29
5	9	11	1
5	9	12	1
5	9	13	0
5	10	0	9
5	10	1	43
5	10	2	79
5	10	3	100
5	10	4	122
5	10	5	150
5	10	6	173
5	10	7	159
5	10	8	133
5	10	9	96
5	10	10	33
5	10	11	0
5	10	12	0
5	10	13	0
5	11	0	9
5	11	1	60
5	11	2	72
5	11	3	99
5	11	4	106
5	11	5	137
5	11	6	157
5	11	7	145
5	11	8	140
5	11	9	101
5	11	10	34
5	11	11	1
5	11	12	0
5	11	13	0
5	12	0	21
5	12	1	59
5	12	2	61
5	12	3	87
5	12	4	110
5	12	5	150
5	12	6	170
5	12	7	182
5	12	8	144
5	12	9	114
5	12	10	30
5	12	11	0
5	12	12	0
5	12	13	0
5	13	0	22
5	13	1	55
5	13	2	87
5	13	3	92
5	13	4	125
5	13	5	153
5	13	6	179
5	13	7	195
5	13	8	195
5	13	9	120
5	13	10	23
5	13	11	1
5	13	12	0
5	13	13	0
5	14	0	38
5	14	1	64
5	14	2	67
5	14	3	100
5	14	4	110
5	14	5	140
5	14	6	164
5	14	7	220
5	14	8	277
5	14	9	175
5	14	10	20
5	14	11	2
5	14	12	1
5	14	13	0
5	15	0	43
5	15	1	48
5	15	2	51
5	15	3	76
5	15	4	100
5	15	5	130
5	15	6	187
5	15	7	272
5	15	8	318
5	15	9	226
5	15	10	5
5	15	11	0
5	15	12	0
5	15	13	0
5	16	0	29
5	16	1	35
5	16	2	41
5	16	3	52
5	16	4	81
5	16	5	128
5	16	6	179
5	16	7	250
5	16	8	276
5	16	9	47
5	16	10	0
5	16	11	0
5	16	12	0
5	16	13	1
5	17	0	22
5	17	1	22
5	17	2	26
5	17	3	33
5	17	4	68
5	17	5	96
5	17	6	175
5	17	7	220
5	17	8	67
5	17	9	0
5	17	10	0
5	17	11	0
5	17	12	0
5	17	13	0
5	18	0	6
5	18	1	14
5	18	2	12
5	18	3	24
5	18	4	40
5	18	5	110
5	18	6	141
5	18	7	65
5	18	8	0
5	18	9	0
5	18	10	0
5	18	11	0
5	18	12	0
5	18	13	0
5	19	0	2
5	19	1	13
5	19	2	7
5	19	3	17
5	19	4	27
5	19	5	39
5	19	6	38
5	19	7	0
5	19	8	0
5	19	9	0
5	19	10	0
5	19	11	0
5	19	12	0
5	19	13	0
6	0	0	1
6	0	1	9
6	0	2	5
6	0	3	8
6	0	4	16
6	0	5	15
6	0	6	20
6	0	7	10
6	0	8	1
6	0	9	0
6	0	10	0
6	0	11	0
6	0	12	0
6	0	13	0
6	1	0	2
6	1	1	4
6	1	2	14
6	1	3	10
6	1	4	14
6	1	5	19
6	1	6	37
6	1	7	46
6	1	8	15
6	1	9	0
6	1	10	0
6	1	11	0
6	1	12	0
6	1	13	0
6	2	0	2
6	2	1	6
6	2	2	8
6	2	3	9
6	2	4	16
6	2	5	29
6	2	6	36
6	2	7	79
6	2	8	61
6	2	9	6
6	2	10	0
6	2	11	0
6	2	12	0
6	2	13	0
6	3	0	1
6	3	1	5
6	3	2	6
6	3	3	15
6	3	4	12
6	3	5	20
6	3	6	24
6	3	7	48
6	3	8	56
6	3	9	44
6	3	10	4
6	3	11	0
6	3	12	0
6	3	13	0
6	4	0	6
6	4	1	21
6	4	2	20
6	4	3	27
6	4	4	24
6	4	5	34
6	4	6	53
6	4	7	57
6	4	8	86
6	4	9	72
6	4	10	25
6	4	11	1
6	4	12	0
6	4	13	0
6	5	0	7
6	5	1	22
6	5	2	31
6	5	3	37
6	5	4	30
6	5	5	44
6	5	6	57
6	5	7	70
6	5	8	71
6	5	9	69
6	5	10	55
6	5	11	2
6	5	12	0
6	5	13	0
6	6	0	9
6	6	1	33
6	6	2	39
6	6	3	31
6	6	4	42
6	6	5	42
6	6	6	51
6	6	7	66
6	6	8	62
6	6	9	87
6	6	10	41
6	6	11	4
6	6	12	0
6	6	13	0
6	7	0	15
6	7	1	28
6	7	2	70
6	7	3	45
6	7	4	49
6	7	5	60
6	7	6	61
6	7	7	56
6	7	8	70
6	7	9	79
6	7	10	56
6	7	11	5
6	7	12	0
6	7	13	0
6	8	0	13
6	8	1	43
6	8	2	38
6	8	3	59
6	8	4	70
6	8	5	60
6	8	6	45
6	8	7	49
6	8	8	62
6	8	9	61
6	8	10	38
6	8	11	4
6	8	12	0
6	8	13	0
6	9	0	13
6	9	1	47
6	9	2	57
6	9	3	58
6	9	4	57
6	9	5	61
6	9	6	57
6	9	7	60
6	9	8	60
6	9	9	64
6	9	10	39
6	9	11	4
6	9	12	0
6	9	13	0
6	10	0	12
6	10	1	48
6	10	2	55
6	10	3	59
6	10	4	58
6	10	5	67
6	10	6	67
6	10	7	68
6	10	8	64
6	10	9	60
6	10	10	50
6	10	11	1
6	10	12	0
6	10	13	0
6	11	0	11
6	11	1	40
6	11	2	47
6	11	3	59
6	11	4	66
6	11	5	63
6	11	6	62
6	11	7	64
6	11	8	68
6	11	9	69
6	11	10	36
6	11	11	4
6	11	12	1
6	11	13	0
6	12	0	21
6	12	1	41
6	12	2	61
6	12	3	54
6	12	4	48
6	12	5	63
6	12	6	84
6	12	7	73
6	12	8	65
6	12	9	95
6	12	10	30
6	12	11	1
6	12	12	0
6	12	13	0
6	13	0	16
6	13	1	33
6	13	2	43
6	13	3	36
6	13	4	55
6	13	5	62
6	13	6	54
6	13	7	68
6	13	8	73
6	13	9	72
6	13	10	42
6	13	11	1
6	13	12	0
6	13	13	0
6	14	0	18
6	14	1	21
6	14	2	30
6	14	3	35
6	14	4	38
6	14	5	45
6	14	6	65
6	14	7	71
6	14	8	85
6	14	9	103
6	14	10	41
6	14	11	0
6	14	12	0
6	14	13	0
6	15	0	16
6	15	1	14
6	15	2	28
6	15	3	22
6	15	4	19
6	15	5	40
6	15	6	61
6	15	7	77
6	15	8	115
6	15	9	135
6	15	10	20
6	15	11	0
6	15	12	0
6	15	13	0
6	16	0	10
6	16	1	10
6	16	2	24
6	16	3	29
6	16	4	23
6	16	5	46
6	16	6	57
6	16	7	79
6	16	8	136
6	16	9	43
6	16	10	0
6	16	11	0
6	16	12	0
6	16	13	0
6	17	0	10
6	17	1	10
6	17	2	13
6	17	3	33
6	17	4	28
6	17	5	31
6	17	6	64
6	17	7	106
6	17	8	66
6	17	9	0
6	17	10	0
6	17	11	0
6	17	12	0
6	17	13	0
6	18	0	1
6	18	1	8
6	18	2	10
6	18	3	11
6	18	4	23
6	18	5	34
6	18	6	52
6	18	7	49
6	18	8	6
6	18	9	0
6	18	10	0
6	18	11	0
6	18	12	0
6	18	13	0
6	19	0	3
6	19	1	4
6	19	2	4
6	19	3	19
6	19	4	9
6	19	5	19
6	19	6	17
6	19	7	2
6	19	8	0
6	19	9	0
6	19	10	0
6	19	11	0
6	19	12	0
6	19	13	0
7	0	0	1
7	0	1	2
7	0	2	6
7	0	3	5
7	0	4	12
7	0	5	11
7	0	6	17
7	0	7	16
7	0	8	1
7	0	9	0
7	0	10	0
7	0	11	0
7	0	12	0
7	0	13	0
7	1	0	0
7	1	1	5
7	1	2	9
7	1	3	6
7	1	4	12
7	1	5	9
7	1	6	14
7	1	7	29
7	1	8	16
7	1	9	0
7	1	10	0
7	1	11	0
7	1	12	0
7	1	13	0
7	2	0	3
7	2	1	2
7	2	2	5
7	2	3	6
7	2	4	8
7	2	5	18
7	2	6	18
7	2	7	19
7	2	8	35
7	2	9	23
7	2	10	1
7	2	11	0
7	2	12	0
7	2	13	0
7	3	0	0
7	3	1	4
7	3	2	5
7	3	3	12
7	3	4	18
7	3	5	20
7	3	6	24
7	3	7	28
7	3	8	32
7	3	9	31
7	3	10	7
7	3	11	0
7	3	12	0
7	3	13	0
7	4	0	1
7	4	1	8
7	4	2	9
7	4	3	25
7	4	4	17
7	4	5	17
7	4	6	25
7	4	7	27
7	4	8	48
7	4	9	40
7	4	10	33
7	4	11	2
7	4	12	0
7	4	13	0
7	5	0	3
7	5	1	6
7	5	2	9
7	5	3	18
7	5	4	21
7	5	5	31
7	5	6	30
7	5	7	26
7	5	8	39
7	5	9	55
7	5	10	40
7	5	11	12
7	5	12	0
7	5	13	0
7	6	0	0
7	6	1	8
7	6	2	12
7	6	3	14
7	6	4	15
7	6	5	25
7	6	6	30
7	6	7	33
7	6	8	43
7	6	9	43
7	6	10	50
7	6	11	9
7	6	12	0
7	6	13	0
7	7	0	3
7	7	1	8
7	7	2	23
7	7	3	24
7	7	4	24
7	7	5	23
7	7	6	33
7	7	7	28
7	7	8	47
7	7	9	58
7	7	10	49
7	7	11	10
7	7	12	1
7	7	13	0
7	8	0	5
7	8	1	13
7	8	2	20
7	8	3	19
7	8	4	28
7	8	5	25
7	8	6	35
7	8	7	32
7	8	8	39
7	8	9	56
7	8	10	40
7	8	11	8
7	8	12	0
7	8	13	0
7	9	0	3
7	9	1	17
7	9	2	22
7	9	3	26
7	9	4	19
7	9	5	19
7	9	6	33
7	9	7	32
7	9	8	53
7	9	9	51
7	9	10	48
7	9	11	10
7	9	12	0
7	9	13	0
7	10	0	3
7	10	1	11
7	10	2	17
7	10	3	21
7	10	4	24
7	10	5	24
7	10	6	33
7	10	7	29
7	10	8	48
7	10	9	50
7	10	10	44
7	10	11	13
7	10	12	0
7	10	13	0
7	11	0	4
7	11	1	15
7	11	2	25
7	11	3	28
7	11	4	23
7	11	5	34
7	11	6	23
7	11	7	42
7	11	8	60
7	11	9	45
7	11	10	54
7	11	11	5
7	11	12	0
7	11	13	0
7	12	0	8
7	12	1	16
7	12	2	25
7	12	3	14
7	12	4	16
7	12	5	29
7	12	6	31
7	12	7	41
7	12	8	44
7	12	9	42
7	12	10	43
7	12	11	4
7	12	12	1
7	12	13	0
7	13	0	6
7	13	1	5
7	13	2	19
7	13	3	16
7	13	4	30
7	13	5	21
7	13	6	36
7	13	7	35
7	13	8	53
7	13	9	67
7	13	10	43
7	13	11	6
7	13	12	0
7	13	13	0
7	14	0	3
7	14	1	6
7	14	2	14
7	14	3	21
7	14	4	25
7	14	5	22
7	14	6	42
7	14	7	50
7	14	8	47
7	14	9	56
7	14	10	47
7	14	11	2
7	14	12	0
7	14	13	0
7	15	0	3
7	15	1	8
7	15	2	10
7	15	3	10
7	15	4	23
7	15	5	33
7	15	6	29
7	15	7	51
7	15	8	47
7	15	9	80
7	15	10	39
7	15	11	2
7	15	12	0
7	15	13	0
7	16	0	1
7	16	1	9
7	16	2	8
7	16	3	13
7	16	4	18
7	16	5	22
7	16	6	33
7	16	7	27
7	16	8	54
7	16	9	45
7	16	10	5
7	16	11	1
7	16	12	0
7	16	13	0
7	17	0	1
7	17	1	6
7	17	2	10
7	17	3	15
7	17	4	13
7	17	5	18
7	17	6	30
7	17	7	47
7	17	8	45
7	17	9	4
7	17	10	0
7	17	11	0
7	17	12	0
7	17	13	0
7	18	0	3
7	18	1	3
7	18	2	5
7	18	3	8
7	18	4	15
7	18	5	14
7	18	6	25
7	18	7	22
7	18	8	8
7	18	9	0
7	18	10	0
7	18	11	0
7	18	12	0
7	18	13	0
7	19	0	1
7	19	1	4
7	19	2	7
7	19	3	2
7	19	4	9
7	19	5	11
7	19	6	14
7	19	7	7
7	19	8	0
7	19	9	0
7	19	10	0
7	19	11	0
7	19	12	0
7	19	13	0
8	0	0	0
8	0	1	0
8	0	2	0
8	0	3	5
8	0	4	8
8	0	5	7
8	0	6	9
8	0	7	14
8	0	8	5
8	0	9	0
8	0	10	1
8	0	11	0
8	0	12	0
8	0	13	0
8	1	0	0
8	1	1	0
8	1	2	2
8	1	3	2
8	1	4	4
8	1	5	11
8	1	6	11
8	1	7	27
8	1	8	19
8	1	9	3
8	1	10	0
8	1	11	0
8	1	12	0
8	1	13	0
8	2	0	0
8	2	1	2
8	2	2	2
8	2	3	8
8	2	4	13
8	2	5	13
8	2	6	11
8	2	7	17
8	2	8	23
8	2	9	14
8	2	10	1
8	2	11	0
8	2	12	0
8	2	13	0
8	3	0	0
8	3	1	0
8	3	2	5
8	3	3	4
8	3	4	11
8	3	5	11
8	3	6	19
8	3	7	22
8	3	8	32
8	3	9	35
8	3	10	12
8	3	11	1
8	3	12	0
8	3	13	0
8	4	0	0
8	4	1	1
8	4	2	2
8	4	3	10
8	4	4	15
8	4	5	21
8	4	6	23
8	4	7	29
8	4	8	33
8	4	9	44
8	4	10	36
8	4	11	12
8	4	12	0
8	4	13	0
8	5	0	0
8	5	1	0
8	5	2	5
8	5	3	8
8	5	4	16
8	5	5	16
8	5	6	17
8	5	7	18
8	5	8	48
8	5	9	34
8	5	10	47
8	5	11	13
8	5	12	1
8	5	13	0
8	6	0	0
8	6	1	0
8	6	2	4
8	6	3	15
8	6	4	7
8	6	5	14
8	6	6	23
8	6	7	25
8	6	8	34
8	6	9	38
8	6	10	40
8	6	11	17
8	6	12	1
8	6	13	0
8	7	0	0
8	7	1	1
8	7	2	4
8	7	3	13
8	7	4	8
8	7	5	17
8	7	6	20
8	7	7	29
8	7	8	35
8	7	9	39
8	7	10	46
8	7	11	18
8	7	12	0
8	7	13	0
8	8	0	0
8	8	1	2
8	8	2	12
8	8	3	8
8	8	4	14
8	8	5	15
8	8	6	25
8	8	7	36
8	8	8	38
8	8	9	32
8	8	10	45
8	8	11	17
8	8	12	0
8	8	13	0
8	9	0	0
8	9	1	3
8	9	2	9
8	9	3	16
8	9	4	16
8	9	5	22
8	9	6	17
8	9	7	23
8	9	8	29
8	9	9	33
8	9	10	41
8	9	11	22
8	9	12	1
8	9	13	0
8	10	0	0
8	10	1	2
8	10	2	8
8	10	3	14
8	10	4	14
8	10	5	22
8	10	6	22
8	10	7	21
8	10	8	34
8	10	9	40
8	10	10	51
8	10	11	19
8	10	12	0
8	10	13	0
8	11	0	0
8	11	1	3
8	11	2	7
8	11	3	18
8	11	4	13
8	11	5	9
8	11	6	25
8	11	7	35
8	11	8	31
8	11	9	39
8	11	10	36
8	11	11	14
8	11	12	0
8	11	13	0
8	12	0	0
8	12	1	0
8	12	2	7
8	12	3	9
8	12	4	18
8	12	5	14
8	12	6	23
8	12	7	35
8	12	8	35
8	12	9	38
8	12	10	45
8	12	11	15
8	12	12	0
8	12	13	1
8	13	0	0
8	13	1	3
8	13	2	4
8	13	3	13
8	13	4	20
8	13	5	15
8	13	6	20
8	13	7	28
8	13	8	32
8	13	9	46
8	13	10	34
8	13	11	14
8	13	12	0
8	13	13	1
8	14	0	0
8	14	1	6
8	14	2	12
8	14	3	10
8	14	4	14
8	14	5	26
8	14	6	24
8	14	7	43
8	14	8	27
8	14	9	42
8	14	10	45
8	14	11	9
8	14	12	0
8	14	13	0
8	15	0	0
8	15	1	2
8	15	2	6
8	15	3	9
8	15	4	11
8	15	5	22
8	15	6	23
8	15	7	28
8	15	8	37
8	15	9	48
8	15	10	46
8	15	11	3
8	15	12	1
8	15	13	0
8	16	0	0
8	16	1	1
8	16	2	4
8	16	3	8
8	16	4	9
8	16	5	14
8	16	6	18
8	16	7	29
8	16	8	29
8	16	9	47
8	16	10	7
8	16	11	0
8	16	12	0
8	16	13	0
8	17	0	0
8	17	1	1
8	17	2	5
8	17	3	7
8	17	4	9
8	17	5	17
8	17	6	17
8	17	7	32
8	17	8	38
8	17	9	16
8	17	10	0
8	17	11	0
8	17	12	0
8	17	13	0
8	18	0	0
8	18	1	1
8	18	2	3
8	18	3	9
8	18	4	8
8	18	5	18
8	18	6	21
8	18	7	33
8	18	8	9
8	18	9	1
8	18	10	0
8	18	11	0
8	18	12	0
8	18	13	0
8	19	0	0
8	19	1	3
8	19	2	2
8	19	3	3
8	19	4	9
8	19	5	9
8	19	6	6
8	19	7	5
8	19	8	1
8	19	9	0
8	19	10	0
8	19	11	0
8	19	12	0
8	19	13	0
9	0	0	0
9	0	1	0
9	0	2	0
9	0	3	1
9	0	4	6
9	0	5	11
9	0	6	11
9	0	7	13
9	0	8	7
9	0	9	1
9	0	10	0
9	0	11	0
9	0	12	0
9	0	13	0
9	1	0	0
9	1	1	0
9	1	2	0
9	1	3	1
9	1	4	4
9	1	5	1
9	1	6	7
9	1	7	18
9	1	8	14
9	1	9	3
9	1	10	0
9	1	11	0
9	1	12	0
9	1	13	0
9	2	0	0
9	2	1	0
9	2	2	0
9	2	3	3
9	2	4	8
9	2	5	3
9	2	6	11
9	2	7	25
9	2	8	20
9	2	9	20
9	2	10	3
9	2	11	0
9	2	12	0
9	2	13	0
9	3	0	0
9	3	1	0
9	3	2	0
9	3	3	2
9	3	4	4
9	3	5	6
9	3	6	15
9	3	7	21
9	3	8	21
9	3	9	32
9	3	10	24
9	3	11	2
9	3	12	0
9	3	13	0
9	4	0	0
9	4	1	0
9	4	2	0
9	4	3	1
9	4	4	5
9	4	5	11
9	4	6	12
9	4	7	19
9	4	8	32
9	4	9	35
9	4	10	23
9	4	11	15
9	4	12	0
9	4	13	0
9	5	0	0
9	5	1	0
9	5	2	0
9	5	3	3
9	5	4	8
9	5	5	8
9	5	6	10
9	5	7	20
9	5	8	23
9	5	9	29
9	5	10	49
9	5	11	22
9	5	12	0
9	5	13	0
9	6	0	0
9	6	1	0
9	6	2	0
9	6	3	5
9	6	4	4
9	6	5	9
9	6	6	12
9	6	7	12
9	6	8	22
9	6	9	31
9	6	10	34
9	6	11	29
9	6	12	1
9	6	13	0
9	7	0	0
9	7	1	0
9	7	2	0
9	7	3	3
9	7	4	6
9	7	5	12
9	7	6	8
9	7	7	19
9	7	8	26
9	7	9	24
9	7	10	36
9	7	11	15
9	7	12	1
9	7	13	0
9	8	0	0
9	8	1	0
9	8	2	0
9	8	3	7
9	8	4	13
9	8	5	10
9	8	6	6
9	8	7	23
9	8	8	22
9	8	9	25
9	8	10	33
9	8	11	26
9	8	12	3
9	8	13	0
9	9	0	0
9	9	1	0
9	9	2	0
9	9	3	5
9	9	4	10
9	9	5	12
9	9	6	15
9	9	7	24
9	9	8	28
9	9	9	31
9	9	10	42
9	9	11	31
9	9	12	5
9	9	13	0
9	10	0	0
9	10	1	0
9	10	2	0
9	10	3	3
9	10	4	6
9	10	5	11
9	10	6	15
9	10	7	17
9	10	8	26
9	10	9	28
9	10	10	32
9	10	11	23
9	10	12	4
9	10	13	0
9	11	0	0
9	11	1	0
9	11	2	1
9	11	3	2
9	11	4	5
9	11	5	13
9	11	6	20
9	11	7	22
9	11	8	20
9	11	9	22
9	11	10	38
9	11	11	24
9	11	12	0
9	11	13	0
9	12	0	0
9	12	1	0
9	12	2	0
9	12	3	1
9	12	4	4
9	12	5	8
9	12	6	12
9	12	7	20
9	12	8	31
9	12	9	24
9	12	10	35
9	12	11	25
9	12	12	0
9	12	13	0
9	13	0	0
9	13	1	0
9	13	2	0
9	13	3	1
9	13	4	13
9	13	5	6
9	13	6	14
9	13	7	27
9	13	8	24
9	13	9	19
9	13	10	34
9	13	11	26
9	13	12	3
9	13	13	0
9	14	0	0
9	14	1	0
9	14	2	0
9	14	3	0
9	14	4	5
9	14	5	15
9	14	6	16
9	14	7	22
9	14	8	22
9	14	9	35
9	14	10	42
9	14	11	13
9	14	12	0
9	14	13	0
9	15	0	0
9	15	1	0
9	15	2	0
9	15	3	5
9	15	4	6
9	15	5	6
9	15	6	16
9	15	7	18
9	15	8	32
9	15	9	33
9	15	10	49
9	15	11	10
9	15	12	0
9	15	13	0
9	16	0	0
9	16	1	0
9	16	2	1
9	16	3	5
9	16	4	6
9	16	5	9
9	16	6	9
9	16	7	21
9	16	8	23
9	16	9	28
9	16	10	19
9	16	11	2
9	16	12	0
9	16	13	0
9	17	0	0
9	17	1	0
9	17	2	0
9	17	3	3
9	17	4	4
9	17	5	3
9	17	6	15
9	17	7	19
9	17	8	27
9	17	9	13
9	17	10	2
9	17	11	0
9	17	12	0
9	17	13	0
9	18	0	0
9	18	1	0
9	18	2	1
9	18	3	2
9	18	4	4
9	18	5	5
9	18	6	15
9	18	7	12
9	18	8	10
9	18	9	1
9	18	10	0
9	18	11	0
9	18	12	0
9	18	13	0
9	19	0	0
9	19	1	0
9	19	2	1
9	19	3	0
9	19	4	6
9	19	5	5
9	19	6	5
9	19	7	8
9	19	8	4
9	19	9	0
9	19	10	0
9	19	11	0
9	19	12	0
9	19	13	0
10	0	0	0
10	0	1	0
10	0	2	0
10	0	3	0
10	0	4	0
10	0	5	0
10	0	6	5
10	0	7	7
10	0	8	7
10	0	9	0
10	0	10	0
10	0	11	0
10	0	12	0
10	0	13	0
10	1	0	0
10	1	1	0
10	1	2	0
10	1	3	0
10	1	4	0
10	1	5	2
10	1	6	7
10	1	7	10
10	1	8	22
10	1	9	8
10	1	10	0
10	1	11	0
10	1	12	0
10	1	13	0
10	2	0	0
10	2	1	0
10	2	2	0
10	2	3	0
10	2	4	0
10	2	5	3
10	2	6	4
10	2	7	5
10	2	8	17
10	2	9	19
10	2	10	5
10	2	11	0
10	2	12	0
10	2	13	0
10	3	0	0
10	3	1	0
10	3	2	0
10	3	3	0
10	3	4	0
10	3	5	3
10	3	6	9
10	3	7	6
10	3	8	19
10	3	9	21
10	3	10	23
10	3	11	9
10	3	12	0
10	3	13	0
10	4	0	0
10	4	1	0
10	4	2	0
10	4	3	0
10	4	4	0
10	4	5	5
10	4	6	6
10	4	7	10
10	4	8	21
10	4	9	25
10	4	10	29
10	4	11	19
10	4	12	3
10	4	13	0
10	5	0	0
10	5	1	0
10	5	2	0
10	5	3	0
10	5	4	0
10	5	5	3
10	5	6	12
10	5	7	12
10	5	8	20
10	5	9	22
10	5	10	22
10	5	11	20
10	5	12	4
10	5	13	0
10	6	0	0
10	6	1	0
10	6	2	0
10	6	3	0
10	6	4	1
10	6	5	2
10	6	6	10
10	6	7	13
10	6	8	18
10	6	9	28
10	6	10	33
10	6	11	24
10	6	12	8
10	6	13	0
10	7	0	0
10	7	1	0
10	7	2	0
10	7	3	0
10	7	4	0
10	7	5	5
10	7	6	11
10	7	7	18
10	7	8	18
10	7	9	22
10	7	10	31
10	7	11	21
10	7	12	8
10	7	13	0
10	8	0	0
10	8	1	0
10	8	2	0
10	8	3	0
10	8	4	0
10	8	5	3
10	8	6	8
10	8	7	19
10	8	8	20
10	8	9	23
10	8	10	30
10	8	11	29
10	8	12	6
10	8	13	0
10	9	0	0
10	9	1	0
10	9	2	0
10	9	3	0
10	9	4	0
10	9	5	7
10	9	6	11
10	9	7	16
10	9	8	14
10	9	9	21
10	9	10	31
10	9	11	31
10	9	12	6
10	9	13	0
10	10	0	0
10	10	1	0
10	10	2	0
10	10	3	0
10	10	4	1
10	10	5	3
10	10	6	8
10	10	7	12
10	10	8	19
10	10	9	28
10	10	10	37
10	10	11	16
10	10	12	4
10	10	13	1
10	11	0	0
10	11	1	0
10	11	2	0
10	11	3	0
10	11	4	0
10	11	5	5
10	11	6	11
10	11	7	9
10	11	8	18
10	11	9	26
10	11	10	28
10	11	11	29
10	11	12	1
10	11	13	0
10	12	0	0
10	12	1	0
10	12	2	0
10	12	3	0
10	12	4	2
10	12	5	6
10	12	6	11
10	12	7	14
10	12	8	18
10	12	9	21
10	12	10	32
10	12	11	23
10	12	12	5
10	12	13	0
10	13	0	0
10	13	1	0
10	13	2	0
10	13	3	0
10	13	4	0
10	13	5	5
10	13	6	5
10	13	7	11
10	13	8	15
10	13	9	26
10	13	10	30
10	13	11	37
10	13	12	6
10	13	13	1
10	14	0	0
10	14	1	0
10	14	2	0
10	14	3	0
10	14	4	0
10	14	5	6
10	14	6	10
10	14	7	15
10	14	8	32
10	14	9	18
10	14	10	24
10	14	11	28
10	14	12	1
10	14	13	0
10	15	0	0
10	15	1	0
10	15	2	0
10	15	3	0
10	15	4	0
10	15	5	6
10	15	6	10
10	15	7	13
10	15	8	19
10	15	9	25
10	15	10	42
10	15	11	20
10	15	12	0
10	15	13	0
10	16	0	0
10	16	1	0
10	16	2	0
10	16	3	0
10	16	4	0
10	16	5	4
10	16	6	7
10	16	7	9
10	16	8	23
10	16	9	42
10	16	10	25
10	16	11	1
10	16	12	0
10	16	13	0
10	17	0	0
10	17	1	0
10	17	2	0
10	17	3	0
10	17	4	1
10	17	5	3
10	17	6	6
10	17	7	12
10	17	8	21
10	17	9	17
10	17	10	4
10	17	11	0
10	17	12	0
10	17	13	0
10	18	0	0
10	18	1	0
10	18	2	0
10	18	3	0
10	18	4	0
10	18	5	3
10	18	6	11
10	18	7	11
10	18	8	16
10	18	9	5
10	18	10	0
10	18	11	0
10	18	12	0
10	18	13	0
10	19	0	0
10	19	1	0
10	19	2	0
10	19	3	0
10	19	4	1
10	19	5	5
10	19	6	6
10	19	7	11
10	19	8	2
10	19	9	0
10	19	10	0
10	19	11	0
10	19	12	0
10	19	13	0
11	0	0	0
11	0	1	0
11	0	2	0
11	0	3	0
11	0	4	0
11	0	5	0
11	0	6	0
11	0	7	0
11	0	8	2
11	0	9	1
11	0	10	0
11	0	11	0
11	0	12	0
11	0	13	0
11	1	0	0
11	1	1	0
11	1	2	0
11	1	3	0
11	1	4	0
11	1	5	0
11	1	6	0
11	1	7	3
11	1	8	2
11	1	9	3
11	1	10	3
11	1	11	0
11	1	12	0
11	1	13	0
11	2	0	0
11	2	1	0
11	2	2	0
11	2	3	0
11	2	4	0
11	2	5	0
11	2	6	1
11	2	7	2
11	2	8	5
11	2	9	8
11	2	10	6
11	2	11	1
11	2	12	0
11	2	13	0
11	3	0	0
11	3	1	0
11	3	2	0
11	3	3	0
11	3	4	0
11	3	5	0
11	3	6	0
11	3	7	2
11	3	8	6
11	3	9	8
11	3	10	8
11	3	11	3
11	3	12	0
11	3	13	0
11	4	0	0
11	4	1	0
11	4	2	0
11	4	3	0
11	4	4	0
11	4	5	0
11	4	6	0
11	4	7	5
11	4	8	6
11	4	9	11
11	4	10	11
11	4	11	8
11	4	12	8
11	4	13	1
11	5	0	0
11	5	1	0
11	5	2	0
11	5	3	0
11	5	4	0
11	5	5	0
11	5	6	1
11	5	7	3
11	5	8	4
11	5	9	9
11	5	10	13
11	5	11	16
11	5	12	9
11	5	13	1
11	6	0	0
11	6	1	0
11	6	2	0
11	6	3	0
11	6	4	0
11	6	5	0
11	6	6	0
11	6	7	7
11	6	8	8
11	6	9	17
11	6	10	15
11	6	11	15
11	6	12	9
11	6	13	0
11	7	0	0
11	7	1	0
11	7	2	0
11	7	3	0
11	7	4	0
11	7	5	0
11	7	6	3
11	7	7	13
11	7	8	3
11	7	9	11
11	7	10	12
11	7	11	23
11	7	12	17
11	7	13	0
11	8	0	0
11	8	1	0
11	8	2	0
11	8	3	0
11	8	4	0
11	8	5	0
11	8	6	0
11	8	7	1
11	8	8	11
11	8	9	17
11	8	10	15
11	8	11	30
11	8	12	10
11	8	13	0
11	9	0	0
11	9	1	0
11	9	2	0
11	9	3	0
11	9	4	0
11	9	5	0
11	9	6	2
11	9	7	6
11	9	8	8
11	9	9	10
11	9	10	18
11	9	11	14
11	9	12	8
11	9	13	1
11	10	0	0
11	10	1	0
11	10	2	0
11	10	3	0
11	10	4	0
11	10	5	0
11	10	6	6
11	10	7	6
11	10	8	5
11	10	9	16
11	10	10	14
11	10	11	18
11	10	12	17
11	10	13	0
11	11	0	0
11	11	1	0
11	11	2	0
11	11	3	0
11	11	4	0
11	11	5	0
11	11	6	4
11	11	7	6
11	11	8	7
11	11	9	15
11	11	10	20
11	11	11	25
11	11	12	4
11	11	13	0
11	12	0	0
11	12	1	0
11	12	2	0
11	12	3	0
11	12	4	0
11	12	5	0
11	12	6	0
11	12	7	3
11	12	8	9
11	12	9	13
11	12	10	11
11	12	11	13
11	12	12	10
11	12	13	0
11	13	0	0
11	13	1	0
11	13	2	0
11	13	3	0
11	13	4	0
11	13	5	0
11	13	6	2
11	13	7	5
11	13	8	6
11	13	9	16
11	13	10	15
11	13	11	24
11	13	12	10
11	13	13	0
11	14	0	0
11	14	1	0
11	14	2	0
11	14	3	0
11	14	4	0
11	14	5	0
11	14	6	4
11	14	7	6
11	14	8	11
11	14	9	14
11	14	10	21
11	14	11	21
11	14	12	9
11	14	13	0
11	15	0	0
11	15	1	0
11	15	2	0
11	15	3	0
11	15	4	0
11	15	5	1
11	15	6	1
11	15	7	10
11	15	8	8
11	15	9	8
11	15	10	18
11	15	11	17
11	15	12	2
11	15	13	0
11	16	0	0
11	16	1	0
11	16	2	0
11	16	3	0
11	16	4	0
11	16	5	0
11	16	6	4
11	16	7	8
11	16	8	10
11	16	9	9
11	16	10	20
11	16	11	6
11	16	12	0
11	16	13	0
11	17	0	0
11	17	1	0
11	17	2	0
11	17	3	0
11	17	4	0
11	17	5	0
11	17	6	2
11	17	7	7
11	17	8	6
11	17	9	8
11	17	10	9
11	17	11	0
11	17	12	0
11	17	13	0
11	18	0	0
11	18	1	0
11	18	2	0
11	18	3	0
11	18	4	0
11	18	5	0
11	18	6	3
11	18	7	8
11	18	8	13
11	18	9	7
11	18	10	0
11	18	11	0
11	18	12	0
11	18	13	0
11	19	0	0
11	19	1	0
11	19	2	0
11	19	3	0
11	19	4	0
11	19	5	0
11	19	6	2
11	19	7	4
11	19	8	1
11	19	9	1
11	19	10	0
11	19	11	0
11	19	12	0
11	19	13	0
12	0	0	0
12	0	1	0
12	0	2	0
12	0	3	0
12	0	4	0
12	0	5	0
12	0	6	0
12	0	7	0
12	0	8	0
12	0	9	2
12	0	10	0
12	0	11	0
12	0	12	0
12	0	13	0
12	1	0	0
12	1	1	0
12	1	2	0
12	1	3	0
12	1	4	0
12	1	5	0
12	1	6	0
12	1	7	0
12	1	8	0
12	1	9	0
12	1	10	0
12	1	11	1
12	1	12	0
12	1	13	0
12	2	0	0
12	2	1	0
12	2	2	0
12	2	3	0
12	2	4	0
12	2	5	0
12	2	6	0
12	2	7	0
12	2	8	0
12	2	9	0
12	2	10	3
12	2	11	2
12	2	12	0
12	2	13	0
12	3	0	0
12	3	1	0
12	3	2	0
12	3	3	0
12	3	4	0
12	3	5	0
12	3	6	0
12	3	7	0
12	3	8	0
12	3	9	0
12	3	10	1
12	3	11	3
12	3	12	0
12	3	13	0
12	4	0	0
12	4	1	0
12	4	2	0
12	4	3	0
12	4	4	0
12	4	5	0
12	4	6	0
12	4	7	0
12	4	8	0
12	4	9	0
12	4	10	5
12	4	11	3
12	4	12	3
12	4	13	0
12	5	0	0
12	5	1	0
12	5	2	0
12	5	3	0
12	5	4	0
12	5	5	0
12	5	6	0
12	5	7	0
12	5	8	1
12	5	9	3
12	5	10	4
12	5	11	10
12	5	12	3
12	5	13	0
12	6	0	0
12	6	1	0
12	6	2	0
12	6	3	0
12	6	4	0
12	6	5	0
12	6	6	0
12	6	7	0
12	6	8	0
12	6	9	5
12	6	10	4
12	6	11	11
12	6	12	5
12	6	13	0
12	7	0	0
12	7	1	0
12	7	2	0
12	7	3	0
12	7	4	0
12	7	5	0
12	7	6	0
12	7	7	0
12	7	8	1
12	7	9	4
12	7	10	9
12	7	11	4
12	7	12	5
12	7	13	0
12	8	0	0
12	8	1	0
12	8	2	0
12	8	3	0
12	8	4	0
12	8	5	0
12	8	6	0
12	8	7	0
12	8	8	1
12	8	9	0
12	8	10	9
12	8	11	11
12	8	12	5
12	8	13	0
12	9	0	0
12	9	1	0
12	9	2	0
12	9	3	0
12	9	4	0
12	9	5	0
12	9	6	0
12	9	7	0
12	9	8	1
12	9	9	1
12	9	10	2
12	9	11	8
12	9	12	1
12	9	13	1
12	10	0	0
12	10	1	0
12	10	2	0
12	10	3	0
12	10	4	0
12	10	5	0
12	10	6	0
12	10	7	0
12	10	8	0
12	10	9	0
12	10	10	3
12	10	11	6
12	10	12	5
12	10	13	1
12	11	0	0
12	11	1	0
12	11	2	0
12	11	3	0
12	11	4	0
12	11	5	0
12	11	6	0
12	11	7	0
12	11	8	5
12	11	9	2
12	11	10	10
12	11	11	5
12	11	12	8
12	11	13	1
12	12	0	0
12	12	1	0
12	12	2	0
12	12	3	0
12	12	4	0
12	12	5	0
12	12	6	0
12	12	7	0
12	12	8	2
12	12	9	3
12	12	10	3
12	12	11	11
12	12	12	6
12	12	13	0
12	13	0	0
12	13	1	0
12	13	2	0
12	13	3	0
12	13	4	0
12	13	5	0
12	13	6	0
12	13	7	0
12	13	8	0
12	13	9	3
12	13	10	6
12	13	11	8
12	13	12	6
12	13	13	0
12	14	0	0
12	14	1	0
12	14	2	0
12	14	3	0
12	14	4	0
12	14	5	0
12	14	6	0
12	14	7	0
12	14	8	2
12	14	9	3
12	14	10	5
12	14	11	7
12	14	12	0
12	14	13	0
12	15	0	0
12	15	1	0
12	15	2	0
12	15	3	0
12	15	4	0
12	15	5	0
12	15	6	0
12	15	7	0
12	15	8	0
12	15	9	3
12	15	10	9
12	15	11	3
12	15	12	3
12	15	13	0
12	16	0	0
12	16	1	0
12	16	2	0
12	16	3	0
12	16	4	0
12	16	5	0
12	16	6	0
12	16	7	0
12	16	8	1
12	16	9	5
12	16	10	7
12	16	11	4
12	16	12	0
12	16	13	0
12	17	0	0
12	17	1	0
12	17	2	0
12	17	3	0
12	17	4	0
12	17	5	0
12	17	6	0
12	17	7	0
12	17	8	0
12	17	9	3
12	17	10	5
12	17	11	2
12	17	12	0
12	17	13	0
12	18	0	0
12	18	1	0
12	18	2	0
12	18	3	0
12	18	4	0
12	18	5	0
12	18	6	0
12	18	7	0
12	18	8	1
12	18	9	1
12	18	10	0
12	18	11	0
12	18	12	0
12	18	13	0
12	19	0	0
12	19	1	0
12	19	2	0
12	19	3	0
12	19	4	0
12	19	5	0
12	19	6	0
12	19	7	0
12	19	8	0
12	19	9	0
12	19	10	0
12	19	11	0
12	19	12	0
12	19	13	0
13	0	0	0
13	0	1	0
13	0	2	0
13	0	3	0
13	0	4	0
13	0	5	0
13	0	6	0
13	0	7	0
13	0	8	0
13	0	9	0
13	0	10	0
13	0	11	0
13	0	12	0
13	0	13	0
13	1	0	0
13	1	1	0
13	1	2	0
13	1	3	0
13	1	4	0
13	1	5	0
13	1	6	0
13	1	7	0
13	1	8	0
13	1	9	0
13	1	10	0
13	1	11	0
13	1	12	0
13	1	13	0
13	2	0	0
13	2	1	0
13	2	2	0
13	2	3	0
13	2	4	0
13	2	5	0
13	2	6	0
13	2	7	0
13	2	8	0
13	2	9	0
13	2	10	0
13	2	11	0
13	2	12	0
13	2	13	0
13	3	0	0
13	3	1	0
13	3	2	0
13	3	3	0
13	3	4	0
13	3	5	0
13	3	6	0
13	3	7	0
13	3	8	0
13	3	9	0
13	3	10	0
13	3	11	0
13	3	12	1
13	3	13	0
13	4	0	0
13	4	1	0
13	4	2	0
13	4	3	0
13	4	4	0
13	4	5	0
13	4	6	0
13	4	7	0
13	4	8	0
13	4	9	0
13	4	10	0
13	4	11	1
13	4	12	0
13	4	13	0
13	5	0	0
13	5	1	0
13	5	2	0
13	5	3	0
13	5	4	0
13	5	5	0
13	5	6	0
13	5	7	0
13	5	8	0
13	5	9	0
13	5	10	0
13	5	11	1
13	5	12	2
13	5	13	1
13	6	0	0
13	6	1	0
13	6	2	0
13	6	3	0
13	6	4	0
13	6	5	0
13	6	6	0
13	6	7	0
13	6	8	0
13	6	9	0
13	6	10	0
13	6	11	2
13	6	12	2
13	6	13	1
13	7	0	0
13	7	1	0
13	7	2	0
13	7	3	0
13	7	4	0
13	7	5	0
13	7	6	0
13	7	7	0
13	7	8	0
13	7	9	0
13	7	10	0
13	7	11	1
13	7	12	2
13	7	13	0
13	8	0	0
13	8	1	0
13	8	2	0
13	8	3	0
13	8	4	0
13	8	5	0
13	8	6	0
13	8	7	0
13	8	8	0
13	8	9	0
13	8	10	0
13	8	11	0
13	8	12	0
13	8	13	2
13	9	0	0
13	9	1	0
13	9	2	0
13	9	3	0
13	9	4	0
13	9	5	0
13	9	6	0
13	9	7	0
13	9	8	0
13	9	9	0
13	9	10	0
13	9	11	0
13	9	12	4
13	9	13	2
13	10	0	0
13	10	1	0
13	10	2	0
13	10	3	0
13	10	4	0
13	10	5	0
13	10	6	0
13	10	7	0
13	10	8	0
13	10	9	0
13	10	10	0
13	10	11	0
13	10	12	5
13	10	13	1
13	11	0	0
13	11	1	0
13	11	2	0
13	11	3	0
13	11	4	0
13	11	5	0
13	11	6	0
13	11	7	0
13	11	8	0
13	11	9	0
13	11	10	0
13	11	11	0
13	11	12	0
13	11	13	1
13	12	0	0
13	12	1	0
13	12	2	0
13	12	3	0
13	12	4	0
13	12	5	0
13	12	6	0
13	12	7	0
13	12	8	0
13	12	9	0
13	12	10	0
13	12	11	0
13	12	12	4
13	12	13	1
13	13	0	0
13	13	1	0
13	13	2	0
13	13	3	0
13	13	4	0
13	13	5	0
13	13	6	0
13	13	7	0
13	13	8	0
13	13	9	0
13	13	10	0
13	13	11	0
13	13	12	1
13	13	13	0
13	14	0	0
13	14	1	0
13	14	2	0
13	14	3	0
13	14	4	0
13	14	5	0
13	14	6	0
13	14	7	0
13	14	8	0
13	14	9	0
13	14	10	2
13	14	11	1
13	14	12	3
13	14	13	0
13	15	0	0
13	15	1	0
13	15	2	0
13	15	3	0
13	15	4	0
13	15	5	0
13	15	6	0
13	15	7	0
13	15	8	0
13	15	9	0
13	15	10	1
13	15	11	4
13	15	12	3
13	15	13	2
13	16	0	0
13	16	1	0
13	16	2	0
13	16	3	0
13	16	4	0
13	16	5	0
13	16	6	0
13	16	7	0
13	16	8	0
13	16	9	0
13	16	10	0
13	16	11	1
13	16	12	1
13	16	13	2
13	17	0	0
13	17	1	0
13	17	2	0
13	17	3	0
13	17	4	0
13	17	5	0
13	17	6	0
13	17	7	0
13	17	8	0
13	17	9	0
13	17	10	0
13	17	11	0
13	17	12	1
13	17	13	0
13	18	0	0
13	18	1	0
13	18	2	0
13	18	3	0
13	18	4	0
13	18	5	0
13	18	6	0
13	18	7	0
13	18	8	0
13	18	9	0
13	18	10	0
13	18	11	0
13	18	12	0
13	18	13	0
13	19	0	0
13	19	1	0
13	19	2	0
13	19	3	0
13	19	4	0
13	19	5	0
13	19	6	0
13	19	7	0
13	19	8	0
13	19	9	0
13	19	10	0
13	19	11	0
13	19	12	0
13	19	13	0
14	0	0	0
14	0	1	0
14	0	2	0
14	0	3	0
14	0	4	0
14	0	5	0
14	0	6	0
14	0	7	0
14	0	8	0
14	0	9	0
14	0	10	0
14	0	11	0
14	0	12	0
14	0	13	0
14	1	0	0
14	1	1	0
14	1	2	0
14	1	3	0
14	1	4	0
14	1	5	0
14	1	6	0
14	1	7	0
14	1	8	0
14	1	9	0
14	1	10	0
14	1	11	0
14	1	12	0
14	1	13	0
14	2	0	0
14	2	1	0
14	2	2	0
14	2	3	0
14	2	4	0
14	2	5	0
14	2	6	0
14	2	7	0
14	2	8	0
14	2	9	0
14	2	10	0
14	2	11	0
14	2	12	0
14	2	13	0
14	3	0	0
14	3	1	0
14	3	2	0
14	3	3	0
14	3	4	0
14	3	5	0
14	3	6	0
14	3	7	0
14	3	8	0
14	3	9	0
14	3	10	0
14	3	11	0
14	3	12	0
14	3	13	0
14	4	0	0
14	4	1	0
14	4	2	0
14	4	3	0
14	4	4	0
14	4	5	0
14	4	6	0
14	4	7	0
14	4	8	0
14	4	9	0
14	4	10	0
14	4	11	0
14	4	12	0
14	4	13	0
14	5	0	0
14	5	1	0
14	5	2	0
14	5	3	0
14	5	4	0
14	5	5	0
14	5	6	0
14	5	7	0
14	5	8	0
14	5	9	0
14	5	10	0
14	5	11	1
14	5	12	0
14	5	13	0
14	6	0	0
14	6	1	0
14	6	2	0
14	6	3	0
14	6	4	0
14	6	5	0
14	6	6	0
14	6	7	0
14	6	8	0
14	6	9	0
14	6	10	0
14	6	11	0
14	6	12	0
14	6	13	0
14	7	0	0
14	7	1	0
14	7	2	0
14	7	3	0
14	7	4	0
14	7	5	0
14	7	6	0
14	7	7	0
14	7	8	0
14	7	9	0
14	7	10	0
14	7	11	0
14	7	12	0
14	7	13	0
14	8	0	0
14	8	1	0
14	8	2	0
14	8	3	0
14	8	4	0
14	8	5	0
14	8	6	0
14	8	7	0
14	8	8	0
14	8	9	0
14	8	10	0
14	8	11	0
14	8	12	0
14	8	13	0
14	9	0	0
14	9	1	0
14	9	2	0
14	9	3	0
14	9	4	0
14	9	5	0
14	9	6	0
14	9	7	0
14	9	8	0
14	9	9	0
14	9	10	0
14	9	11	0
14	9	12	0
14	9	13	0
14	10	0	0
14	10	1	0
14	10	2	0
14	10	3	0
14	10	4	0
14	10	5	0
14	10	6	0
14	10	7	0
14	10	8	0
14	10	9	0
14	10	10	0
14	10	11	0
14	10	12	0
14	10	13	0
14	11	0	0
14	11	1	0
14	11	2	0
14	11	3	0
14	11	4	0
14	11	5	0
14	11	6	0
14	11	7	0
14	11	8	0
14	11	9	0
14	11	10	0
14	11	11	0
14	11	12	0
14	11	13	0
14	12	0	0
14	12	1	0
14	12	2	0
14	12	3	0
14	12	4	0
14	12	5	0
14	12	6	0
14	12	7	0
14	12	8	0
14	12	9	0
14	12	10	0
14	12	11	0
14	12	12	0
14	12	13	0
14	13	0	0
14	13	1	0
14	13	2	0
14	13	3	0
14	13	4	0
14	13	5	0
14	13	6	0
14	13	7	0
14	13	8	0
14	13	9	0
14	13	10	0
14	13	11	0
14	13	12	0
14	13	13	0
14	14	0	0
14	14	1	0
14	14	2	0
14	14	3	0
14	14	4	0
14	14	5	0
14	14	6	0
14	14	7	0
14	14	8	0
14	14	9	0
14	14	10	0
14	14	11	0
14	14	12	0
14	14	13	0
14	15	0	0
14	15	1	0
14	15	2	0
14	15	3	0
14	15	4	0
14	15	5	0
14	15	6	0
14	15	7	0
14	15	8	0
14	15	9	0
14	15	10	0
14	15	11	0
14	15	12	0
14	15	13	0
14	16	0	0
14	16	1	0
14	16	2	0
14	16	3	0
14	16	4	0
14	16	5	0
14	16	6	0
14	16	7	0
14	16	8	0
14	16	9	0
14	16	10	0
14	16	11	0
14	16	12	0
14	16	13	0
14	17	0	0
14	17	1	0
14	17	2	0
14	17	3	0
14	17	4	0
14	17	5	0
14	17	6	0
14	17	7	0
14	17	8	0
14	17	9	0
14	17	10	0
14	17	11	0
14	17	12	0
14	17	13	0
14	18	0	0
14	18	1	0
14	18	2	0
14	18	3	0
14	18	4	0
14	18	5	0
14	18	6	0
14	18	7	0
14	18	8	0
14	18	9	0
14	18	10	0
14	18	11	0
14	18	12	0
14	18	13	0
14	19	0	0
14	19	1	0
14	19	2	0
14	19	3	0
14	19	4	0
14	19	5	0
14	19	6	0
14	19	7	0
14	19	8	0
14	19	9	0
14	19	10	0
14	19	11	0
14	19	12	0
14	19	13	0
