0	0	0	2
0	0	1	5
0	0	2	2
0	0	3	2
0	0	4	1
0	0	5	0
0	0	6	0
0	0	7	0
0	0	8	0
0	0	9	0
0	0	10	0
0	0	11	0
0	0	12	0
0	0	13	0
0	1	0	9
0	1	1	25
0	1	2	20
0	1	3	6
0	1	4	2
0	1	5	0
0	1	6	0
0	1	7	0
0	1	8	0
0	1	9	0
0	1	10	0
0	1	11	0
0	1	12	0
0	1	13	0
0	2	0	2
0	2	1	6
0	2	2	6
0	2	3	4
0	2	4	2
0	2	5	2
0	2	6	0
0	2	7	0
0	2	8	0
0	2	9	0
0	2	10	0
0	2	11	0
0	2	12	0
0	2	13	0
0	3	0	1
0	3	1	3
0	3	2	1
0	3	3	0
0	3	4	1
0	3	5	0
0	3	6	1
0	3	7	0
0	3	8	0
0	3	9	0
0	3	10	0
0	3	11	0
0	3	12	0
0	3	13	0
0	4	0	0
0	4	1	0
0	4	2	1
0	4	3	2
0	4	4	0
0	4	5	1
0	4	6	0
0	4	7	0
0	4	8	0
0	4	9	3
0	4	10	0
0	4	11	0
0	4	12	0
0	4	13	0
0	5	0	0
0	5	1	1
0	5	2	0
0	5	3	1
0	5	4	1
0	5	5	0
0	5	6	0
0	5	7	0
0	5	8	0
0	5	9	4
0	5	10	2
0	5	11	0
0	5	12	0
0	5	13	0
0	6	0	0
0	6	1	0
0	6	2	0
0	6	3	2
0	6	4	1
0	6	5	1
0	6	6	0
0	6	7	0
0	6	8	0
0	6	9	7
0	6	10	6
0	6	11	0
0	6	12	0
0	6	13	0
0	7	0	1
0	7	1	0
0	7	2	0
0	7	3	1
0	7	4	0
0	7	5	0
0	7	6	0
0	7	7	0
0	7	8	2
0	7	9	23
0	7	10	27
0	7	11	0
0	7	12	0
0	7	13	0
0	8	0	1
0	8	1	0
0	8	2	0
0	8	3	0
0	8	4	0
0	8	5	0
0	8	6	0
0	8	7	1
0	8	8	2
0	8	9	35
0	8	10	53
0	8	11	0
0	8	12	0
0	8	13	0
0	9	0	0
0	9	1	0
0	9	2	0
0	9	3	1
0	9	4	0
0	9	5	0
0	9	6	0
0	9	7	0
0	9	8	2
0	9	9	41
0	9	10	51
0	9	11	0
0	9	12	0
0	9	13	0
0	10	0	0
0	10	1	0
0	10	2	0
0	10	3	0
0	10	4	0
0	10	5	2
0	10	6	2
0	10	7	1
0	10	8	3
0	10	9	50
0	10	10	58
0	10	11	0
0	10	12	1
0	10	13	0
0	11	0	0
0	11	1	0
0	11	2	0
0	11	3	0
0	11	4	1
0	11	5	0
0	11	6	0
0	11	7	2
0	11	8	2
0	11	9	30
0	11	10	45
0	11	11	0
0	11	12	0
0	11	13	0
0	12	0	0
0	12	1	0
0	12	2	0
0	12	3	0
0	12	4	0
0	12	5	1
0	12	6	0
0	12	7	0
0	12	8	2
0	12	9	15
0	12	10	35
0	12	11	0
0	12	12	0
0	12	13	0
0	13	0	1
0	13	1	1
0	13	2	1
0	13	3	0
0	13	4	0
0	13	5	0
0	13	6	0
0	13	7	1
0	13	8	0
0	13	9	4
0	13	10	3
0	13	11	0
0	13	12	0
0	13	13	0
0	14	0	0
0	14	1	2
0	14	2	0
0	14	3	1
0	14	4	0
0	14	5	0
0	14	6	0
0	14	7	0
0	14	8	0
0	14	9	3
0	14	10	0
0	14	11	0
0	14	12	0
0	14	13	0
0	15	0	0
0	15	1	0
0	15	2	1
0	15	3	0
0	15	4	0
0	15	5	0
0	15	6	0
0	15	7	1
0	15	8	0
0	15	9	0
0	15	10	0
0	15	11	0
0	15	12	0
0	15	13	0
0	16	0	0
0	16	1	2
0	16	2	2
0	16	3	2
0	16	4	1
0	16	5	1
0	16	6	0
0	16	7	0
0	16	8	0
0	16	9	0
0	16	10	0
0	16	11	0
0	16	12	0
0	16	13	0
0	17	0	2
0	17	1	18
0	17	2	12
0	17	3	5
0	17	4	2
0	17	5	0
0	17	6	0
0	17	7	0
0	17	8	0
0	17	9	0
0	17	10	0
0	17	11	0
0	17	12	0
0	17	13	0
0	18	0	31
0	18	1	54
0	18	2	21
0	18	3	12
0	18	4	1
0	18	5	1
0	18	6	0
0	18	7	0
0	18	8	0
0	18	9	0
0	18	10	0
0	18	11	0
0	18	12	0
0	18	13	0
0	19	0	11
0	19	1	25
0	19	2	25
0	19	3	11
0	19	4	1
0	19	5	1
0	19	6	0
0	19	7	0
0	19	8	0
0	19	9	0
0	19	10	0
0	19	11	0
0	19	12	0
0	19	13	0
1	0	0	0
1	0	1	7
1	0	2	19
1	0	3	15
1	0	4	8
1	0	5	2
1	0	6	0
1	0	7	0
1	0	8	0
1	0	9	0
1	0	10	0
1	0	11	0
1	0	12	0
1	0	13	0
1	1	0	8
1	1	1	29
1	1	2	53
1	1	3	59
1	1	4	33
1	1	5	10
1	1	6	1
1	1	7	0
1	1	8	0
1	1	9	0
1	1	10	0
1	1	11	0
1	1	12	0
1	1	13	0
1	2	0	3
1	2	1	43
1	2	2	43
1	2	3	32
1	2	4	18
1	2	5	5
1	2	6	2
1	2	7	0
1	2	8	0
1	2	9	0
1	2	10	0
1	2	11	0
1	2	12	0
1	2	13	0
1	3	0	0
1	3	1	22
1	3	2	21
1	3	3	12
1	3	4	6
1	3	5	2
1	3	6	0
1	3	7	3
1	3	8	1
1	3	9	0
1	3	10	0
1	3	11	0
1	3	12	0
1	3	13	0
1	4	0	0
1	4	1	6
1	4	2	10
1	4	3	6
1	4	4	3
1	4	5	0
1	4	6	0
1	4	7	0
1	4	8	0
1	4	9	3
1	4	10	3
1	4	11	1
1	4	12	0
1	4	13	0
1	5	0	0
1	5	1	0
1	5	2	4
1	5	3	0
1	5	4	4
1	5	5	4
1	5	6	3
1	5	7	2
1	5	8	2
1	5	9	4
1	5	10	13
1	5	11	0
1	5	12	0
1	5	13	0
1	6	0	0
1	6	1	0
1	6	2	1
1	6	3	0
1	6	4	1
1	6	5	2
1	6	6	0
1	6	7	2
1	6	8	1
1	6	9	18
1	6	10	53
1	6	11	1
1	6	12	0
1	6	13	0
1	7	0	0
1	7	1	0
1	7	2	0
1	7	3	1
1	7	4	1
1	7	5	3
1	7	6	3
1	7	7	8
1	7	8	4
1	7	9	31
1	7	10	101
1	7	11	5
1	7	12	0
1	7	13	0
1	8	0	0
1	8	1	0
1	8	2	0
1	8	3	1
1	8	4	0
1	8	5	1
1	8	6	2
1	8	7	2
1	8	8	11
1	8	9	54
1	8	10	99
1	8	11	3
1	8	12	0
1	8	13	0
1	9	0	0
1	9	1	0
1	9	2	0
1	9	3	3
1	9	4	1
1	9	5	1
1	9	6	3
1	9	7	1
1	9	8	19
1	9	9	139
1	9	10	188
1	9	11	4
1	9	12	0
1	9	13	0
1	10	0	0
1	10	1	0
1	10	2	2
1	10	3	0
1	10	4	1
1	10	5	2
1	10	6	3
1	10	7	3
1	10	8	16
1	10	9	156
1	10	10	223
1	10	11	3
1	10	12	0
1	10	13	0
1	11	0	0
1	11	1	0
1	11	2	0
1	11	3	1
1	11	4	0
1	11	5	0
1	11	6	3
1	11	7	7
1	11	8	17
1	11	9	138
1	11	10	262
1	11	11	2
1	11	12	0
1	11	13	0
1	12	0	0
1	12	1	0
1	12	2	0
1	12	3	0
1	12	4	1
1	12	5	1
1	12	6	0
1	12	7	2
1	12	8	25
1	12	9	96
1	12	10	244
1	12	11	0
1	12	12	1
1	12	13	0
1	13	0	0
1	13	1	1
1	13	2	3
1	13	3	1
1	13	4	2
1	13	5	4
1	13	6	2
1	13	7	5
1	13	8	12
1	13	9	43
1	13	10	108
1	13	11	1
1	13	12	0
1	13	13	1
1	14	0	0
1	14	1	2
1	14	2	5
1	14	3	4
1	14	4	4
1	14	5	3
1	14	6	2
1	14	7	1
1	14	8	2
1	14	9	6
1	14	10	26
1	14	11	0
1	14	12	0
1	14	13	0
1	15	0	0
1	15	1	10
1	15	2	11
1	15	3	13
1	15	4	4
1	15	5	1
1	15	6	1
1	15	7	3
1	15	8	4
1	15	9	1
1	15	10	2
1	15	11	0
1	15	12	0
1	15	13	0
1	16	0	0
1	16	1	27
1	16	2	21
1	16	3	25
1	16	4	15
1	16	5	7
1	16	6	3
1	16	7	4
1	16	8	2
1	16	9	0
1	16	10	0
1	16	11	0
1	16	12	0
1	16	13	0
1	17	0	7
1	17	1	47
1	17	2	49
1	17	3	40
1	17	4	25
1	17	5	15
1	17	6	3
1	17	7	2
1	17	8	0
1	17	9	0
1	17	10	0
1	17	11	0
1	17	12	1
1	17	13	0
1	18	0	24
1	18	1	57
1	18	2	57
1	18	3	67
1	18	4	58
1	18	5	22
1	18	6	5
1	18	7	0
1	18	8	0
1	18	9	0
1	18	10	0
1	18	11	0
1	18	12	0
1	18	13	0
1	19	0	15
1	19	1	25
1	19	2	42
1	19	3	35
1	19	4	29
1	19	5	14
1	19	6	0
1	19	7	0
1	19	8	0
1	19	9	0
1	19	10	0
1	19	11	0
1	19	12	0
1	19	13	0
2	0	0	1
2	0	1	15
2	0	2	26
2	0	3	16
2	0	4	37
2	0	5	26
2	0	6	4
2	0	7	0
2	0	8	0
2	0	9	0
2	0	10	0
2	0	11	0
2	0	12	0
2	0	13	0
2	1	0	4
2	1	1	31
2	1	2	52
2	1	3	76
2	1	4	100
2	1	5	99
2	1	6	41
2	1	7	7
2	1	8	1
2	1	9	0
2	1	10	0
2	1	11	0
2	1	12	0
2	1	13	0
2	2	0	5
2	2	1	41
2	2	2	69
2	2	3	61
2	2	4	78
2	2	5	69
2	2	6	28
2	2	7	15
2	2	8	2
2	2	9	0
2	2	10	0
2	2	11	0
2	2	12	0
2	2	13	0
2	3	0	0
2	3	1	25
2	3	2	50
2	3	3	66
2	3	4	80
2	3	5	51
2	3	6	37
2	3	7	12
2	3	8	3
2	3	9	1
2	3	10	0
2	3	11	0
2	3	12	0
2	3	13	0
2	4	0	0
2	4	1	17
2	4	2	44
2	4	3	52
2	4	4	61
2	4	5	42
2	4	6	29
2	4	7	13
2	4	8	15
2	4	9	5
2	4	10	11
2	4	11	0
2	4	12	0
2	4	13	0
2	5	0	0
2	5	1	7
2	5	2	29
2	5	3	33
2	5	4	23
2	5	5	27
2	5	6	23
2	5	7	19
2	5	8	16
2	5	9	41
2	5	10	71
2	5	11	9
2	5	12	0
2	5	13	0
2	6	0	0
2	6	1	4
2	6	2	22
2	6	3	17
2	6	4	17
2	6	5	16
2	6	6	12
2	6	7	19
2	6	8	46
2	6	9	123
2	6	10	153
2	6	11	16
2	6	12	0
2	6	13	0
2	7	0	0
2	7	1	2
2	7	2	9
2	7	3	11
2	7	4	12
2	7	5	20
2	7	6	20
2	7	7	34
2	7	8	46
2	7	9	142
2	7	10	230
2	7	11	17
2	7	12	1
2	7	13	0
2	8	0	0
2	8	1	2
2	8	2	8
2	8	3	9
2	8	4	9
2	8	5	21
2	8	6	24
2	8	7	43
2	8	8	100
2	8	9	312
2	8	10	332
2	8	11	15
2	8	12	0
2	8	13	0
2	9	0	0
2	9	1	0
2	9	2	5
2	9	3	13
2	9	4	8
2	9	5	21
2	9	6	14
2	9	7	49
2	9	8	114
2	9	9	356
2	9	10	416
2	9	11	31
2	9	12	0
2	9	13	0
2	10	0	0
2	10	1	1
2	10	2	12
2	10	3	14
2	10	4	14
2	10	5	17
2	10	6	23
2	10	7	45
2	10	8	146
2	10	9	361
2	10	10	396
2	10	11	22
2	10	12	1
2	10	13	0
2	11	0	0
2	11	1	1
2	11	2	10
2	11	3	12
2	11	4	14
2	11	5	20
2	11	6	29
2	11	7	51
2	11	8	127
2	11	9	359
2	11	10	403
2	11	11	15
2	11	12	0
2	11	13	0
2	12	0	0
2	12	1	1
2	12	2	11
2	12	3	19
2	12	4	23
2	12	5	30
2	12	6	29
2	12	7	41
2	12	8	101
2	12	9	261
2	12	10	404
2	12	11	11
2	12	12	0
2	12	13	0
2	13	0	0
2	13	1	2
2	13	2	21
2	13	3	22
2	13	4	34
2	13	5	30
2	13	6	29
2	13	7	44
2	13	8	74
2	13	9	217
2	13	10	388
2	13	11	11
2	13	12	0
2	13	13	0
2	14	0	0
2	14	1	8
2	14	2	39
2	14	3	45
2	14	4	45
2	14	5	34
2	14	6	35
2	14	7	46
2	14	8	68
2	14	9	128
2	14	10	176
2	14	11	5
2	14	12	0
2	14	13	0
2	15	0	1
2	15	1	21
2	15	2	54
2	15	3	57
2	15	4	69
2	15	5	53
2	15	6	42
2	15	7	34
2	15	8	29
2	15	9	37
2	15	10	28
2	15	11	0
2	15	12	0
2	15	13	0
2	16	0	0
2	16	1	30
2	16	2	70
2	16	3	76
2	16	4	89
2	16	5	66
2	16	6	57
2	16	7	28
2	16	8	17
2	16	9	8
2	16	10	1
2	16	11	0
2	16	12	0
2	16	13	0
2	17	0	10
2	17	1	35
2	17	2	65
2	17	3	71
2	17	4	91
2	17	5	88
2	17	6	60
2	17	7	19
2	17	8	10
2	17	9	2
2	17	10	0
2	17	11	0
2	17	12	0
2	17	13	0
2	18	0	15
2	18	1	48
2	18	2	68
2	18	3	80
2	18	4	90
2	18	5	102
2	18	6	76
2	18	7	23
2	18	8	1
2	18	9	0
2	18	10	0
2	18	11	0
2	18	12	0
2	18	13	0
2	19	0	4
2	19	1	14
2	19	2	36
2	19	3	67
2	19	4	87
2	19	5	63
2	19	6	15
2	19	7	3
2	19	8	0
2	19	9	0
2	19	10	0
2	19	11	0
2	19	12	0
2	19	13	0
3	0	0	1
3	0	1	2
3	0	2	11
3	0	3	18
3	0	4	46
3	0	5	53
3	0	6	34
3	0	7	11
3	0	8	0
3	0	9	0
3	0	10	0
3	0	11	0
3	0	12	0
3	0	13	0
3	1	0	5
3	1	1	16
3	1	2	43
3	1	3	72
3	1	4	92
3	1	5	143
3	1	6	133
3	1	7	115
3	1	8	17
3	1	9	0
3	1	10	0
3	1	11	0
3	1	12	1
3	1	13	0
3	2	0	1
3	2	1	36
3	2	2	57
3	2	3	83
3	2	4	99
3	2	5	139
3	2	6	147
3	2	7	126
3	2	8	39
3	2	9	1
3	2	10	0
3	2	11	0
3	2	12	0
3	2	13	0
3	3	0	0
3	3	1	24
3	3	2	60
3	3	3	69
3	3	4	93
3	3	5	117
3	3	6	149
3	3	7	146
3	3	8	87
3	3	9	39
3	3	10	5
3	3	11	0
3	3	12	0
3	3	13	0
3	4	0	0
3	4	1	11
3	4	2	41
3	4	3	72
3	4	4	85
3	4	5	111
3	4	6	144
3	4	7	122
3	4	8	110
3	4	9	135
3	4	10	103
3	4	11	4
3	4	12	0
3	4	13	0
3	5	0	1
3	5	1	3
3	5	2	54
3	5	3	54
3	5	4	73
3	5	5	97
3	5	6	125
3	5	7	142
3	5	8	209
3	5	9	234
3	5	10	274
3	5	11	35
3	5	12	0
3	5	13	1
3	6	0	0
3	6	1	0
3	6	2	42
3	6	3	59
3	6	4	73
3	6	5	84
3	6	6	73
3	6	7	117
3	6	8	172
3	6	9	272
3	6	10	420
3	6	11	47
3	6	12	0
3	6	13	0
3	7	0	0
3	7	1	0
3	7	2	51
3	7	3	77
3	7	4	61
3	7	5	83
3	7	6	118
3	7	7	151
3	7	8	208
3	7	9	291
3	7	10	347
3	7	11	46
3	7	12	0
3	7	13	0
3	8	0	1
3	8	1	0
3	8	2	32
3	8	3	42
3	8	4	64
3	8	5	94
3	8	6	116
3	8	7	156
3	8	8	290
3	8	9	419
3	8	10	405
3	8	11	62
3	8	12	0
3	8	13	1
3	9	0	1
3	9	1	0
3	9	2	40
3	9	3	58
3	9	4	69
3	9	5	88
3	9	6	99
3	9	7	192
3	9	8	258
3	9	9	450
3	9	10	336
3	9	11	58
3	9	12	0
3	9	13	0
3	10	0	0
3	10	1	2
3	10	2	31
3	10	3	47
3	10	4	75
3	10	5	70
3	10	6	126
3	10	7	166
3	10	8	271
3	10	9	416
3	10	10	342
3	10	11	39
3	10	12	0
3	10	13	0
3	11	0	0
3	11	1	3
3	11	2	29
3	11	3	39
3	11	4	78
3	11	5	96
3	11	6	126
3	11	7	179
3	11	8	268
3	11	9	444
3	11	10	366
3	11	11	28
3	11	12	0
3	11	13	0
3	12	0	0
3	12	1	1
3	12	2	47
3	12	3	76
3	12	4	78
3	12	5	92
3	12	6	151
3	12	7	173
3	12	8	262
3	12	9	431
3	12	10	404
3	12	11	34
3	12	12	0
3	12	13	0
3	13	0	1
3	13	1	8
3	13	2	56
3	13	3	70
3	13	4	68
3	13	5	126
3	13	6	152
3	13	7	203
3	13	8	271
3	13	9	430
3	13	10	429
3	13	11	30
3	13	12	1
3	13	13	0
3	14	0	0
3	14	1	15
3	14	2	49
3	14	3	73
3	14	4	100
3	14	5	120
3	14	6	125
3	14	7	178
3	14	8	234
3	14	9	362
3	14	10	420
3	14	11	38
3	14	12	0
3	14	13	0
3	15	0	1
3	15	1	28
3	15	2	54
3	15	3	54
3	15	4	72
3	15	5	114
3	15	6	149
3	15	7	159
3	15	8	213
3	15	9	240
3	15	10	227
3	15	11	11
3	15	12	0
3	15	13	0
3	16	0	0
3	16	1	29
3	16	2	56
3	16	3	61
3	16	4	94
3	16	5	100
3	16	6	137
3	16	7	181
3	16	8	187
3	16	9	118
3	16	10	16
3	16	11	0
3	16	12	0
3	16	13	0
3	17	0	3
3	17	1	35
3	17	2	58
3	17	3	67
3	17	4	116
3	17	5	115
3	17	6	143
3	17	7	169
3	17	8	108
3	17	9	22
3	17	10	0
3	17	11	0
3	17	12	0
3	17	13	0
3	18	0	3
3	18	1	29
3	18	2	46
3	18	3	78
3	18	4	89
3	18	5	149
3	18	6	156
3	18	7	143
3	18	8	45
3	18	9	1
3	18	10	0
3	18	11	0
3	18	12	0
3	18	13	0
3	19	0	0
3	19	1	11
3	19	2	22
3	19	3	36
3	19	4	71
3	19	5	75
3	19	6	97
3	19	7	33
3	19	8	1
3	19	9	0
3	19	10	0
3	19	11	0
3	19	12	0
3	19	13	0
4	0	0	0
4	0	1	3
4	0	2	5
4	0	3	10
4	0	4	14
4	0	5	35
4	0	6	59
4	0	7	32
4	0	8	2
4	0	9	0
4	0	10	0
4	0	11	0
4	0	12	0
4	0	13	0
4	1	0	1
4	1	1	8
4	1	2	13
4	1	3	27
4	1	4	46
4	1	5	84
4	1	6	103
4	1	7	190
4	1	8	82
4	1	9	1
4	1	10	0
4	1	11	0
4	1	12	0
4	1	13	0
4	2	0	0
4	2	1	22
4	2	2	30
4	2	3	40
4	2	4	62
4	2	5	95
4	2	6	144
4	2	7	180
4	2	8	233
4	2	9	77
4	2	10	0
4	2	11	0
4	2	12	0
4	2	13	0
4	3	0	0
4	3	1	18
4	3	2	50
4	3	3	57
4	3	4	79
4	3	5	113
4	3	6	136
4	3	7	204
4	3	8	260
4	3	9	219
4	3	10	46
4	3	11	0
4	3	12	0
4	3	13	0
4	4	0	0
4	4	1	11
4	4	2	31
4	4	3	60
4	4	4	95
4	4	5	118
4	4	6	133
4	4	7	188
4	4	8	224
4	4	9	329
4	4	10	284
4	4	11	32
4	4	12	1
4	4	13	0
4	5	0	0
4	5	1	3
4	5	2	46
4	5	3	44
4	5	4	76
4	5	5	86
4	5	6	114
4	5	7	175
4	5	8	234
4	5	9	348
4	5	10	429
4	5	11	91
4	5	12	3
4	5	13	0
4	6	0	2
4	6	1	3
4	6	2	53
4	6	3	75
4	6	4	97
4	6	5	112
4	6	6	113
4	6	7	167
4	6	8	191
4	6	9	250
4	6	10	276
4	6	11	66
4	6	12	1
4	6	13	0
4	7	0	0
4	7	1	0
4	7	2	33
4	7	3	71
4	7	4	92
4	7	5	106
4	7	6	147
4	7	7	237
4	7	8	293
4	7	9	350
4	7	10	256
4	7	11	73
4	7	12	2
4	7	13	1
4	8	0	0
4	8	1	2
4	8	2	44
4	8	3	72
4	8	4	80
4	8	5	113
4	8	6	163
4	8	7	245
4	8	8	280
4	8	9	297
4	8	10	210
4	8	11	76
4	8	12	4
4	8	13	0
4	9	0	0
4	9	1	2
4	9	2	43
4	9	3	73
4	9	4	83
4	9	5	104
4	9	6	123
4	9	7	211
4	9	8	307
4	9	9	288
4	9	10	161
4	9	11	47
4	9	12	3
4	9	13	0
4	10	0	0
4	10	1	0
4	10	2	48
4	10	3	73
4	10	4	88
4	10	5	114
4	10	6	155
4	10	7	191
4	10	8	289
4	10	9	306
4	10	10	150
4	10	11	43
4	10	12	5
4	10	13	0
4	11	0	0
4	11	1	0
4	11	2	42
4	11	3	51
4	11	4	91
4	11	5	108
4	11	6	137
4	11	7	233
4	11	8	276
4	11	9	274
4	11	10	171
4	11	11	54
4	11	12	3
4	11	13	1
4	12	0	0
4	12	1	4
4	12	2	48
4	12	3	68
4	12	4	87
4	12	5	110
4	12	6	152
4	12	7	216
4	12	8	259
4	12	9	314
4	12	10	195
4	12	11	40
4	12	12	0
4	12	13	1
4	13	0	0
4	13	1	2
4	13	2	56
4	13	3	78
4	13	4	97
4	13	5	122
4	13	6	156
4	13	7	190
4	13	8	297
4	13	9	331
4	13	10	277
4	13	11	52
4	13	12	1
4	13	13	0
4	14	0	0
4	14	1	6
4	14	2	53
4	14	3	69
4	14	4	84
4	14	5	117
4	14	6	151
4	14	7	189
4	14	8	268
4	14	9	373
4	14	10	371
4	14	11	42
4	14	12	0
4	14	13	0
4	15	0	0
4	15	1	18
4	15	2	56
4	15	3	60
4	15	4	82
4	15	5	108
4	15	6	171
4	15	7	188
4	15	8	285
4	15	9	392
4	15	10	388
4	15	11	31
4	15	12	0
4	15	13	0
4	16	0	1
4	16	1	19
4	16	2	51
4	16	3	62
4	16	4	83
4	16	5	107
4	16	6	151
4	16	7	212
4	16	8	284
4	16	9	331
4	16	10	97
4	16	11	1
4	16	12	0
4	16	13	0
4	17	0	0
4	17	1	12
4	17	2	29
4	17	3	53
4	17	4	67
4	17	5	86
4	17	6	131
4	17	7	189
4	17	8	240
4	17	9	128
4	17	10	2
4	17	11	0
4	17	12	0
4	17	13	0
4	18	0	1
4	18	1	7
4	18	2	17
4	18	3	24
4	18	4	42
4	18	5	59
4	18	6	124
4	18	7	192
4	18	8	144
4	18	9	7
4	18	10	0
4	18	11	0
4	18	12	0
4	18	13	0
4	19	0	0
4	19	1	9
4	19	2	13
4	19	3	14
4	19	4	29
4	19	5	41
4	19	6	68
4	19	7	82
4	19	8	11
4	19	9	0
4	19	10	0
4	19	11	0
4	19	12	0
4	19	13	0
5	0	0	0
5	0	1	0
5	0	2	3
5	0	3	3
5	0	4	5
5	0	5	10
5	0	6	10
5	0	7	20
5	0	8	12
5	0	9	0
5	0	10	0
5	0	11	0
5	0	12	0
5	0	13	0
5	1	0	0
5	1	1	3
5	1	2	6
5	1	3	12
5	1	4	12
5	1	5	16
5	1	6	35
5	1	7	96
5	1	8	116
5	1	9	10
5	1	10	0
5	1	11	1
5	1	12	0
5	1	13	0
5	2	0	0
5	2	1	3
5	2	2	10
5	2	3	14
5	2	4	14
5	2	5	36
5	2	6	65
5	2	7	104
5	2	8	182
5	2	9	130
5	2	10	5
5	2	11	0
5	2	12	0
5	2	13	0
5	3	0	0
5	3	1	8
5	3	2	30
5	3	3	27
5	3	4	45
5	3	5	50
5	3	6	65
5	3	7	124
5	3	8	176
5	3	9	309
5	3	10	124
5	3	11	3
5	3	12	0
5	3	13	0
5	4	0	0
5	4	1	7
5	4	2	21
5	4	3	24
5	4	4	37
5	4	5	50
5	4	6	81
5	4	7	117
5	4	8	200
5	4	9	258
5	4	10	293
5	4	11	69
5	4	12	1
5	4	13	0
5	5	0	0
5	5	1	6
5	5	2	37
5	5	3	40
5	5	4	56
5	5	5	57
5	5	6	75
5	5	7	106
5	5	8	103
5	5	9	177
5	5	10	183
5	5	11	113
5	5	12	7
5	5	13	0
5	6	0	1
5	6	1	0
5	6	2	42
5	6	3	56
5	6	4	52
5	6	5	83
5	6	6	117
5	6	7	125
5	6	8	157
5	6	9	155
5	6	10	128
5	6	11	66
5	6	12	3
5	6	13	0
5	7	0	1
5	7	1	0
5	7	2	33
5	7	3	59
5	7	4	71
5	7	5	81
5	7	6	105
5	7	7	160
5	7	8	144
5	7	9	144
5	7	10	120
5	7	11	69
5	7	12	7
5	7	13	0
5	8	0	0
5	8	1	0
5	8	2	38
5	8	3	64
5	8	4	84
5	8	5	102
5	8	6	121
5	8	7	145
5	8	8	151
5	8	9	124
5	8	10	98
5	8	11	64
5	8	12	8
5	8	13	0
5	9	0	0
5	9	1	1
5	9	2	50
5	9	3	61
5	9	4	81
5	9	5	97
5	9	6	92
5	9	7	116
5	9	8	155
5	9	9	114
5	9	10	106
5	9	11	61
5	9	12	10
5	9	13	0
5	10	0	0
5	10	1	2
5	10	2	31
5	10	3	69
5	10	4	81
5	10	5	89
5	10	6	99
5	10	7	119
5	10	8	125
5	10	9	108
5	10	10	75
5	10	11	63
5	10	12	11
5	10	13	0
5	11	0	0
5	11	1	1
5	11	2	37
5	11	3	58
5	11	4	64
5	11	5	90
5	11	6	110
5	11	7	117
5	11	8	150
5	11	9	106
5	11	10	87
5	11	11	63
5	11	12	8
5	11	13	0
5	12	0	0
5	12	1	3
5	12	2	32
5	12	3	73
5	12	4	69
5	12	5	99
5	12	6	117
5	12	7	120
5	12	8	118
5	12	9	126
5	12	10	95
5	12	11	67
5	12	12	3
5	12	13	0
5	13	0	0
5	13	1	4
5	13	2	53
5	13	3	70
5	13	4	60
5	13	5	87
5	13	6	97
5	13	7	120
5	13	8	159
5	13	9	144
5	13	10	143
5	13	11	49
5	13	12	2
5	13	13	1
5	14	0	0
5	14	1	8
5	14	2	46
5	14	3	50
5	14	4	75
5	14	5	76
5	14	6	96
5	14	7	113
5	14	8	144
5	14	9	162
5	14	10	154
5	14	11	65
5	14	12	0
5	14	13	0
5	15	0	1
5	15	1	12
5	15	2	26
5	15	3	41
5	15	4	45
5	15	5	67
5	15	6	78
5	15	7	102
5	15	8	157
5	15	9	188
5	15	10	178
5	15	11	46
5	15	12	3
5	15	13	0
5	16	0	0
5	16	1	10
5	16	2	17
5	16	3	18
5	16	4	33
5	16	5	28
5	16	6	62
5	16	7	81
5	16	8	167
5	16	9	246
5	16	10	126
5	16	11	2
5	16	12	0
5	16	13	0
5	17	0	0
5	17	1	3
5	17	2	10
5	17	3	27
5	17	4	23
5	17	5	29
5	17	6	41
5	17	7	75
5	17	8	151
5	17	9	151
5	17	10	6
5	17	11	1
5	17	12	1
5	17	13	0
5	18	0	0
5	18	1	2
5	18	2	9
5	18	3	10
5	18	4	15
5	18	5	24
5	18	6	43
5	18	7	79
5	18	8	127
5	18	9	17
5	18	10	0
5	18	11	0
5	18	12	0
5	18	13	0
5	19	0	0
5	19	1	1
5	19	2	4
5	19	3	5
5	19	4	9
5	19	5	21
5	19	6	18
5	19	7	28
5	19	8	16
5	19	9	0
5	19	10	0
5	19	11	0
5	19	12	0
5	19	13	0
6	0	0	0
6	0	1	0
6	0	2	2
6	0	3	2
6	0	4	11
6	0	5	8
6	0	6	15
6	0	7	16
6	0	8	13
6	0	9	0
6	0	10	0
6	0	11	0
6	0	12	0
6	0	13	1
6	1	0	0
6	1	1	2
6	1	2	5
6	1	3	11
6	1	4	12
6	1	5	9
6	1	6	16
6	1	7	35
6	1	8	41
6	1	9	24
6	1	10	2
6	1	11	0
6	1	12	0
6	1	13	0
6	2	0	0
6	2	1	0
6	2	2	5
6	2	3	12
6	2	4	15
6	2	5	16
6	2	6	18
6	2	7	36
6	2	8	66
6	2	9	86
6	2	10	11
6	2	11	0
6	2	12	0
6	2	13	0
6	3	0	0
6	3	1	1
6	3	2	4
6	3	3	11
6	3	4	17
6	3	5	13
6	3	6	30
6	3	7	43
6	3	8	58
6	3	9	111
6	3	10	92
6	3	11	11
6	3	12	0
6	3	13	0
6	4	0	0
6	4	1	2
6	4	2	9
6	4	3	13
6	4	4	16
6	4	5	18
6	4	6	23
6	4	7	45
6	4	8	49
6	4	9	85
6	4	10	97
6	4	11	50
6	4	12	10
6	4	13	0
6	5	0	1
6	5	1	2
6	5	2	16
6	5	3	21
6	5	4	24
6	5	5	39
6	5	6	33
6	5	7	45
6	5	8	52
6	5	9	65
6	5	10	66
6	5	11	56
6	5	12	16
6	5	13	0
6	6	0	0
6	6	1	1
6	6	2	28
6	6	3	34
6	6	4	29
6	6	5	24
6	6	6	58
6	6	7	42
6	6	8	50
6	6	9	84
6	6	10	98
6	6	11	50
6	6	12	23
6	6	13	1
6	7	0	0
6	7	1	0
6	7	2	27
6	7	3	34
6	7	4	26
6	7	5	30
6	7	6	49
6	7	7	45
6	7	8	52
6	7	9	65
6	7	10	61
6	7	11	64
6	7	12	23
6	7	13	3
6	8	0	0
6	8	1	0
6	8	2	19
6	8	3	42
6	8	4	44
6	8	5	40
6	8	6	51
6	8	7	39
6	8	8	40
6	8	9	65
6	8	10	56
6	8	11	69
6	8	12	8
6	8	13	1
6	9	0	1
6	9	1	0
6	9	2	30
6	9	3	37
6	9	4	51
6	9	5	43
6	9	6	48
6	9	7	48
6	9	8	62
6	9	9	64
6	9	10	67
6	9	11	52
6	9	12	20
6	9	13	0
6	10	0	0
6	10	1	1
6	10	2	27
6	10	3	40
6	10	4	40
6	10	5	36
6	10	6	38
6	10	7	46
6	10	8	42
6	10	9	50
6	10	10	51
6	10	11	55
6	10	12	16
6	10	13	0
6	11	0	0
6	11	1	1
6	11	2	24
6	11	3	41
6	11	4	42
6	11	5	30
6	11	6	50
6	11	7	52
6	11	8	35
6	11	9	48
6	11	10	62
6	11	11	55
6	11	12	11
6	11	13	0
6	12	0	0
6	12	1	0
6	12	2	32
6	12	3	36
6	12	4	34
6	12	5	40
6	12	6	42
6	12	7	46
6	12	8	59
6	12	9	63
6	12	10	54
6	12	11	48
6	12	12	2
6	12	13	0
6	13	0	0
6	13	1	1
6	13	2	28
6	13	3	35
6	13	4	34
6	13	5	22
6	13	6	38
6	13	7	42
6	13	8	43
6	13	9	69
6	13	10	71
6	13	11	52
6	13	12	11
6	13	13	0
6	14	0	0
6	14	1	2
6	14	2	19
6	14	3	27
6	14	4	23
6	14	5	27
6	14	6	27
6	14	7	37
6	14	8	51
6	14	9	66
6	14	10	87
6	14	11	54
6	14	12	3
6	14	13	0
6	15	0	0
6	15	1	2
6	15	2	8
6	15	3	12
6	15	4	16
6	15	5	18
6	15	6	28
6	15	7	31
6	15	8	38
6	15	9	69
6	15	10	90
6	15	11	64
6	15	12	3
6	15	13	0
6	16	0	0
6	16	1	0
6	16	2	8
6	16	3	9
6	16	4	17
6	16	5	18
6	16	6	31
6	16	7	42
6	16	8	45
6	16	9	77
6	16	10	77
6	16	11	10
6	16	12	0
6	16	13	0
6	17	0	0
6	17	1	0
6	17	2	5
6	17	3	10
6	17	4	8
6	17	5	22
6	17	6	24
6	17	7	31
6	17	8	40
6	17	9	71
6	17	10	14
6	17	11	0
6	17	12	0
6	17	13	0
6	18	0	1
6	18	1	1
6	18	2	3
6	18	3	6
6	18	4	7
6	18	5	8
6	18	6	22
6	18	7	30
6	18	8	43
6	18	9	16
6	18	10	2
6	18	11	0
6	18	12	0
6	18	13	0
6	19	0	0
6	19	1	1
6	19	2	7
6	19	3	5
6	19	4	10
6	19	5	4
6	19	6	12
6	19	7	15
6	19	8	14
6	19	9	0
6	19	10	0
6	19	11	0
6	19	12	0
6	19	13	0
7	0	0	0
7	0	1	0
7	0	2	0
7	0	3	6
7	0	4	3
7	0	5	9
7	0	6	10
7	0	7	12
7	0	8	5
7	0	9	1
7	0	10	0
7	0	11	0
7	0	12	0
7	0	13	0
7	1	0	0
7	1	1	0
7	1	2	0
7	1	3	5
7	1	4	8
7	1	5	5
7	1	6	15
7	1	7	17
7	1	8	30
7	1	9	22
7	1	10	2
7	1	11	0
7	1	12	0
7	1	13	0
7	2	0	0
7	2	1	1
7	2	2	1
7	2	3	4
7	2	4	5
7	2	5	4
7	2	6	21
7	2	7	22
7	2	8	29
7	2	9	34
7	2	10	18
7	2	11	2
7	2	12	0
7	2	13	0
7	3	0	0
7	3	1	1
7	3	2	4
7	3	3	2
7	3	4	7
7	3	5	4
7	3	6	19
7	3	7	16
7	3	8	34
7	3	9	35
7	3	10	51
7	3	11	11
7	3	12	1
7	3	13	0
7	4	0	0
7	4	1	0
7	4	2	4
7	4	3	7
7	4	4	10
7	4	5	15
7	4	6	13
7	4	7	13
7	4	8	23
7	4	9	29
7	4	10	50
7	4	11	36
7	4	12	5
7	4	13	1
7	5	0	0
7	5	1	0
7	5	2	1
7	5	3	10
7	5	4	12
7	5	5	19
7	5	6	22
7	5	7	22
7	5	8	29
7	5	9	43
7	5	10	40
7	5	11	49
7	5	12	14
7	5	13	1
7	6	0	0
7	6	1	0
7	6	2	4
7	6	3	22
7	6	4	10
7	6	5	15
7	6	6	27
7	6	7	21
7	6	8	23
7	6	9	39
7	6	10	40
7	6	11	64
7	6	12	22
7	6	13	2
7	7	0	0
7	7	1	2
7	7	2	2
7	7	3	16
7	7	4	15
7	7	5	16
7	7	6	13
7	7	7	23
7	7	8	25
7	7	9	44
7	7	10	57
7	7	11	59
7	7	12	27
7	7	13	1
7	8	0	0
7	8	1	1
7	8	2	9
7	8	3	21
7	8	4	14
7	8	5	12
7	8	6	18
7	8	7	25
7	8	8	44
7	8	9	34
7	8	10	49
7	8	11	45
7	8	12	21
7	8	13	2
7	9	0	0
7	9	1	4
7	9	2	8
7	9	3	11
7	9	4	13
7	9	5	17
7	9	6	22
7	9	7	33
7	9	8	32
7	9	9	42
7	9	10	49
7	9	11	50
7	9	12	31
7	9	13	3
7	10	0	1
7	10	1	0
7	10	2	7
7	10	3	18
7	10	4	15
7	10	5	18
7	10	6	28
7	10	7	29
7	10	8	33
7	10	9	34
7	10	10	39
7	10	11	51
7	10	12	18
7	10	13	2
7	11	0	0
7	11	1	1
7	11	2	11
7	11	3	13
7	11	4	9
7	11	5	19
7	11	6	17
7	11	7	23
7	11	8	32
7	11	9	26
7	11	10	42
7	11	11	59
7	11	12	17
7	11	13	2
7	12	0	0
7	12	1	0
7	12	2	7
7	12	3	10
7	12	4	14
7	12	5	15
7	12	6	26
7	12	7	20
7	12	8	38
7	12	9	35
7	12	10	45
7	12	11	57
7	12	12	20
7	12	13	2
7	13	0	0
7	13	1	0
7	13	2	5
7	13	3	19
7	13	4	17
7	13	5	16
7	13	6	22
7	13	7	30
7	13	8	32
7	13	9	41
7	13	10	48
7	13	11	58
7	13	12	17
7	13	13	0
7	14	0	0
7	14	1	1
7	14	2	3
7	14	3	15
7	14	4	15
7	14	5	14
7	14	6	17
7	14	7	24
7	14	8	42
7	14	9	41
7	14	10	51
7	14	11	59
7	14	12	18
7	14	13	0
7	15	0	0
7	15	1	1
7	15	2	2
7	15	3	8
7	15	4	9
7	15	5	11
7	15	6	26
7	15	7	30
7	15	8	23
7	15	9	31
7	15	10	48
7	15	11	40
7	15	12	6
7	15	13	0
7	16	0	0
7	16	1	1
7	16	2	6
7	16	3	5
7	16	4	7
7	16	5	14
7	16	6	9
7	16	7	25
7	16	8	34
7	16	9	48
7	16	10	37
7	16	11	16
7	16	12	1
7	16	13	0
7	17	0	0
7	17	1	1
7	17	2	1
7	17	3	2
7	17	4	8
7	17	5	7
7	17	6	18
7	17	7	22
7	17	8	26
7	17	9	45
7	17	10	15
7	17	11	1
7	17	12	0
7	17	13	0
7	18	0	0
7	18	1	0
7	18	2	5
7	18	3	8
7	18	4	8
7	18	5	13
7	18	6	11
7	18	7	17
7	18	8	31
7	18	9	21
7	18	10	3
7	18	11	0
7	18	12	0
7	18	13	0
7	19	0	0
7	19	1	0
7	19	2	1
7	19	3	5
7	19	4	7
7	19	5	9
7	19	6	9
7	19	7	11
7	19	8	15
7	19	9	1
7	19	10	0
7	19	11	0
7	19	12	0
7	19	13	0
8	0	0	0
8	0	1	0
8	0	2	0
8	0	3	1
8	0	4	2
8	0	5	3
8	0	6	5
8	0	7	10
8	0	8	11
8	0	9	1
8	0	10	0
8	0	11	0
8	0	12	0
8	0	13	0
8	1	0	0
8	1	1	0
8	1	2	0
8	1	3	1
8	1	4	2
8	1	5	4
8	1	6	11
8	1	7	14
8	1	8	20
8	1	9	22
8	1	10	3
8	1	11	0
8	1	12	0
8	1	13	1
8	2	0	0
8	2	1	0
8	2	2	1
8	2	3	1
8	2	4	3
8	2	5	9
8	2	6	10
8	2	7	18
8	2	8	21
8	2	9	41
8	2	10	21
8	2	11	1
8	2	12	0
8	2	13	0
8	3	0	0
8	3	1	0
8	3	2	0
8	3	3	2
8	3	4	6
8	3	5	2
8	3	6	7
8	3	7	9
8	3	8	14
8	3	9	21
8	3	10	42
8	3	11	26
8	3	12	1
8	3	13	0
8	4	0	0
8	4	1	0
8	4	2	2
8	4	3	2
8	4	4	7
8	4	5	7
8	4	6	7
8	4	7	15
8	4	8	11
8	4	9	20
8	4	10	34
8	4	11	29
8	4	12	6
8	4	13	0
8	5	0	0
8	5	1	0
8	5	2	5
8	5	3	4
8	5	4	5
8	5	5	11
8	5	6	12
8	5	7	19
8	5	8	24
8	5	9	30
8	5	10	34
8	5	11	47
8	5	12	19
8	5	13	5
8	6	0	0
8	6	1	0
8	6	2	1
8	6	3	5
8	6	4	5
8	6	5	11
8	6	6	18
8	6	7	13
8	6	8	21
8	6	9	24
8	6	10	39
8	6	11	43
8	6	12	28
8	6	13	4
8	7	0	0
8	7	1	0
8	7	2	2
8	7	3	4
8	7	4	6
8	7	5	14
8	7	6	13
8	7	7	26
8	7	8	23
8	7	9	33
8	7	10	35
8	7	11	39
8	7	12	28
8	7	13	5
8	8	0	0
8	8	1	0
8	8	2	0
8	8	3	5
8	8	4	10
8	8	5	11
8	8	6	19
8	8	7	22
8	8	8	18
8	8	9	30
8	8	10	20
8	8	11	42
8	8	12	33
8	8	13	7
8	9	0	0
8	9	1	0
8	9	2	2
8	9	3	2
8	9	4	8
8	9	5	13
8	9	6	20
8	9	7	11
8	9	8	21
8	9	9	39
8	9	10	46
8	9	11	35
8	9	12	28
8	9	13	9
8	10	0	0
8	10	1	0
8	10	2	0
8	10	3	7
8	10	4	8
8	10	5	12
8	10	6	20
8	10	7	27
8	10	8	16
8	10	9	25
8	10	10	25
8	10	11	33
8	10	12	24
8	10	13	5
8	11	0	0
8	11	1	0
8	11	2	1
8	11	3	4
8	11	4	10
8	11	5	14
8	11	6	14
8	11	7	12
8	11	8	26
8	11	9	25
8	11	10	30
8	11	11	37
8	11	12	27
8	11	13	5
8	12	0	0
8	12	1	0
8	12	2	1
8	12	3	8
8	12	4	3
8	12	5	19
8	12	6	14
8	12	7	12
8	12	8	25
8	12	9	28
8	12	10	27
8	12	11	51
8	12	12	29
8	12	13	0
8	13	0	0
8	13	1	0
8	13	2	0
8	13	3	7
8	13	4	10
8	13	5	11
8	13	6	16
8	13	7	13
8	13	8	23
8	13	9	23
8	13	10	31
8	13	11	37
8	13	12	25
8	13	13	0
8	14	0	0
8	14	1	0
8	14	2	0
8	14	3	2
8	14	4	6
8	14	5	6
8	14	6	13
8	14	7	15
8	14	8	22
8	14	9	22
8	14	10	31
8	14	11	35
8	14	12	10
8	14	13	1
8	15	0	0
8	15	1	0
8	15	2	1
8	15	3	4
8	15	4	10
8	15	5	5
8	15	6	12
8	15	7	16
8	15	8	24
8	15	9	22
8	15	10	37
8	15	11	50
8	15	12	15
8	15	13	0
8	16	0	0
8	16	1	0
8	16	2	2
8	16	3	4
8	16	4	8
8	16	5	9
8	16	6	11
8	16	7	14
8	16	8	20
8	16	9	35
8	16	10	39
8	16	11	32
8	16	12	5
8	16	13	0
8	17	0	0
8	17	1	1
8	17	2	0
8	17	3	2
8	17	4	3
8	17	5	7
8	17	6	14
8	17	7	12
8	17	8	14
8	17	9	22
8	17	10	22
8	17	11	3
8	17	12	0
8	17	13	0
8	18	0	0
8	18	1	0
8	18	2	1
8	18	3	3
8	18	4	3
8	18	5	6
8	18	6	10
8	18	7	14
8	18	8	22
8	18	9	20
8	18	10	5
8	18	11	0
8	18	12	0
8	18	13	0
8	19	0	0
8	19	1	0
8	19	2	0
8	19	3	5
8	19	4	5
8	19	5	14
8	19	6	7
8	19	7	11
8	19	8	21
8	19	9	3
8	19	10	0
8	19	11	0
8	19	12	0
8	19	13	0
9	0	0	0
9	0	1	0
9	0	2	0
9	0	3	1
9	0	4	3
9	0	5	2
9	0	6	5
9	0	7	3
9	0	8	7
9	0	9	2
9	0	10	0
9	0	11	0
9	0	12	0
9	0	13	0
9	1	0	0
9	1	1	0
9	1	2	0
9	1	3	1
9	1	4	2
9	1	5	4
9	1	6	7
9	1	7	12
9	1	8	17
9	1	9	21
9	1	10	4
9	1	11	0
9	1	12	0
9	1	13	0
9	2	0	0
9	2	1	0
9	2	2	0
9	2	3	0
9	2	4	0
9	2	5	4
9	2	6	6
9	2	7	17
9	2	8	20
9	2	9	22
9	2	10	19
9	2	11	6
9	2	12	0
9	2	13	0
9	3	0	0
9	3	1	0
9	3	2	0
9	3	3	0
9	3	4	3
9	3	5	8
9	3	6	8
9	3	7	9
9	3	8	14
9	3	9	13
9	3	10	28
9	3	11	15
9	3	12	2
9	3	13	0
9	4	0	0
9	4	1	0
9	4	2	0
9	4	3	1
9	4	4	2
9	4	5	12
9	4	6	8
9	4	7	14
9	4	8	18
9	4	9	24
9	4	10	23
9	4	11	31
9	4	12	20
9	4	13	1
9	5	0	0
9	5	1	0
9	5	2	0
9	5	3	0
9	5	4	4
9	5	5	2
9	5	6	9
9	5	7	10
9	5	8	15
9	5	9	18
9	5	10	38
9	5	11	33
9	5	12	44
9	5	13	12
9	6	0	0
9	6	1	0
9	6	2	0
9	6	3	1
9	6	4	4
9	6	5	10
9	6	6	7
9	6	7	17
9	6	8	15
9	6	9	24
9	6	10	32
9	6	11	30
9	6	12	29
9	6	13	11
9	7	0	0
9	7	1	0
9	7	2	0
9	7	3	1
9	7	4	10
9	7	5	9
9	7	6	11
9	7	7	11
9	7	8	23
9	7	9	19
9	7	10	33
9	7	11	28
9	7	12	26
9	7	13	13
9	8	0	0
9	8	1	0
9	8	2	0
9	8	3	1
9	8	4	3
9	8	5	10
9	8	6	13
9	8	7	12
9	8	8	14
9	8	9	20
9	8	10	30
9	8	11	26
9	8	12	32
9	8	13	14
9	9	0	0
9	9	1	0
9	9	2	0
9	9	3	0
9	9	4	3
9	9	5	7
9	9	6	10
9	9	7	13
9	9	8	16
9	9	9	19
9	9	10	17
9	9	11	27
9	9	12	30
9	9	13	7
9	10	0	0
9	10	1	0
9	10	2	0
9	10	3	1
9	10	4	3
9	10	5	5
9	10	6	13
9	10	7	11
9	10	8	12
9	10	9	15
9	10	10	22
9	10	11	19
9	10	12	32
9	10	13	6
9	11	0	0
9	11	1	0
9	11	2	0
9	11	3	0
9	11	4	4
9	11	5	6
9	11	6	8
9	11	7	12
9	11	8	16
9	11	9	22
9	11	10	24
9	11	11	32
9	11	12	25
9	11	13	6
9	12	0	0
9	12	1	0
9	12	2	0
9	12	3	0
9	12	4	4
9	12	5	10
9	12	6	7
9	12	7	17
9	12	8	10
9	12	9	19
9	12	10	27
9	12	11	30
9	12	12	34
9	12	13	9
9	13	0	0
9	13	1	0
9	13	2	0
9	13	3	0
9	13	4	3
9	13	5	14
9	13	6	6
9	13	7	6
9	13	8	18
9	13	9	18
9	13	10	25
9	13	11	46
9	13	12	30
9	13	13	6
9	14	0	0
9	14	1	0
9	14	2	0
9	14	3	1
9	14	4	1
9	14	5	6
9	14	6	10
9	14	7	9
9	14	8	20
9	14	9	20
9	14	10	31
9	14	11	32
9	14	12	24
9	14	13	2
9	15	0	0
9	15	1	0
9	15	2	0
9	15	3	1
9	15	4	8
9	15	5	8
9	15	6	8
9	15	7	19
9	15	8	10
9	15	9	18
9	15	10	22
9	15	11	28
9	15	12	16
9	15	13	1
9	16	0	0
9	16	1	0
9	16	2	0
9	16	3	3
9	16	4	3
9	16	5	9
9	16	6	10
9	16	7	10
9	16	8	9
9	16	9	23
9	16	10	23
9	16	11	27
9	16	12	5
9	16	13	0
9	17	0	0
9	17	1	0
9	17	2	0
9	17	3	0
9	17	4	7
9	17	5	6
9	17	6	6
9	17	7	8
9	17	8	19
9	17	9	26
9	17	10	22
9	17	11	8
9	17	12	1
9	17	13	0
9	18	0	0
9	18	1	0
9	18	2	0
9	18	3	0
9	18	4	6
9	18	5	4
9	18	6	12
9	18	7	9
9	18	8	12
9	18	9	22
9	18	10	5
9	18	11	0
9	18	12	0
9	18	13	0
9	19	0	0
9	19	1	0
9	19	2	0
9	19	3	0
9	19	4	3
9	19	5	10
9	19	6	5
9	19	7	11
9	19	8	5
9	19	9	5
9	19	10	0
9	19	11	0
9	19	12	0
9	19	13	0
10	0	0	0
10	0	1	0
10	0	2	0
10	0	3	0
10	0	4	0
10	0	5	1
10	0	6	4
10	0	7	7
10	0	8	5
10	0	9	7
10	0	10	1
10	0	11	0
10	0	12	0
10	0	13	0
10	1	0	0
10	1	1	0
10	1	2	0
10	1	3	0
10	1	4	0
10	1	5	0
10	1	6	3
10	1	7	6
10	1	8	4
10	1	9	14
10	1	10	12
10	1	11	0
10	1	12	0
10	1	13	0
10	2	0	0
10	2	1	0
10	2	2	0
10	2	3	0
10	2	4	0
10	2	5	1
10	2	6	5
10	2	7	3
10	2	8	11
10	2	9	15
10	2	10	13
10	2	11	10
10	2	12	2
10	2	13	0
10	3	0	0
10	3	1	0
10	3	2	0
10	3	3	0
10	3	4	0
10	3	5	3
10	3	6	8
10	3	7	11
10	3	8	13
10	3	9	11
10	3	10	20
10	3	11	17
10	3	12	5
10	3	13	0
10	4	0	0
10	4	1	0
10	4	2	0
10	4	3	0
10	4	4	0
10	4	5	3
10	4	6	5
10	4	7	7
10	4	8	15
10	4	9	13
10	4	10	20
10	4	11	25
10	4	12	23
10	4	13	4
10	5	0	0
10	5	1	0
10	5	2	0
10	5	3	0
10	5	4	0
10	5	5	1
10	5	6	8
10	5	7	5
10	5	8	14
10	5	9	15
10	5	10	22
10	5	11	31
10	5	12	31
10	5	13	11
10	6	0	0
10	6	1	0
10	6	2	0
10	6	3	0
10	6	4	0
10	6	5	8
10	6	6	5
10	6	7	11
10	6	8	17
10	6	9	21
10	6	10	18
10	6	11	15
10	6	12	34
10	6	13	7
10	7	0	0
10	7	1	0
10	7	2	0
10	7	3	0
10	7	4	0
10	7	5	1
10	7	6	4
10	7	7	5
10	7	8	23
10	7	9	11
10	7	10	19
10	7	11	20
10	7	12	31
10	7	13	15
10	8	0	0
10	8	1	0
10	8	2	0
10	8	3	0
10	8	4	1
10	8	5	3
10	8	6	4
10	8	7	14
10	8	8	16
10	8	9	17
10	8	10	14
10	8	11	21
10	8	12	28
10	8	13	21
10	9	0	0
10	9	1	0
10	9	2	0
10	9	3	0
10	9	4	0
10	9	5	0
10	9	6	10
10	9	7	8
10	9	8	10
10	9	9	15
10	9	10	18
10	9	11	20
10	9	12	28
10	9	13	13
10	10	0	0
10	10	1	0
10	10	2	0
10	10	3	0
10	10	4	0
10	10	5	3
10	10	6	2
10	10	7	7
10	10	8	9
10	10	9	12
10	10	10	20
10	10	11	18
10	10	12	24
10	10	13	17
10	11	0	0
10	11	1	0
10	11	2	0
10	11	3	0
10	11	4	0
10	11	5	2
10	11	6	7
10	11	7	8
10	11	8	19
10	11	9	12
10	11	10	21
10	11	11	21
10	11	12	31
10	11	13	12
10	12	0	0
10	12	1	0
10	12	2	0
10	12	3	0
10	12	4	0
10	12	5	4
10	12	6	5
10	12	7	5
10	12	8	11
10	12	9	11
10	12	10	22
10	12	11	21
10	12	12	23
10	12	13	19
10	13	0	0
10	13	1	0
10	13	2	0
10	13	3	0
10	13	4	0
10	13	5	4
10	13	6	5
10	13	7	10
10	13	8	17
10	13	9	18
10	13	10	15
10	13	11	20
10	13	12	31
10	13	13	13
10	14	0	0
10	14	1	0
10	14	2	0
10	14	3	0
10	14	4	0
10	14	5	2
10	14	6	6
10	14	7	6
10	14	8	4
10	14	9	19
10	14	10	27
10	14	11	23
10	14	12	23
10	14	13	5
10	15	0	0
10	15	1	0
10	15	2	0
10	15	3	0
10	15	4	1
10	15	5	1
10	15	6	6
10	15	7	15
10	15	8	11
10	15	9	15
10	15	10	19
10	15	11	23
10	15	12	33
10	15	13	4
10	16	0	0
10	16	1	0
10	16	2	0
10	16	3	0
10	16	4	1
10	16	5	4
10	16	6	4
10	16	7	10
10	16	8	10
10	16	9	16
10	16	10	16
10	16	11	37
10	16	12	9
10	16	13	0
10	17	0	0
10	17	1	0
10	17	2	0
10	17	3	0
10	17	4	0
10	17	5	0
10	17	6	2
10	17	7	6
10	17	8	20
10	17	9	14
10	17	10	22
10	17	11	9
10	17	12	0
10	17	13	0
10	18	0	0
10	18	1	0
10	18	2	0
10	18	3	0
10	18	4	0
10	18	5	2
10	18	6	8
10	18	7	6
10	18	8	12
10	18	9	11
10	18	10	11
10	18	11	3
10	18	12	0
10	18	13	0
10	19	0	0
10	19	1	0
10	19	2	0
10	19	3	0
10	19	4	0
10	19	5	1
10	19	6	6
10	19	7	7
10	19	8	8
10	19	9	8
10	19	10	2
10	19	11	0
10	19	12	0
10	19	13	0
11	0	0	0
11	0	1	0
11	0	2	0
11	0	3	0
11	0	4	0
11	0	5	0
11	0	6	2
11	0	7	1
11	0	8	2
11	0	9	3
11	0	10	1
11	0	11	0
11	0	12	0
11	0	13	0
11	1	0	0
11	1	1	0
11	1	2	0
11	1	3	0
11	1	4	0
11	1	5	0
11	1	6	0
11	1	7	0
11	1	8	3
11	1	9	5
11	1	10	13
11	1	11	3
11	1	12	0
11	1	13	0
11	2	0	0
11	2	1	0
11	2	2	0
11	2	3	0
11	2	4	0
11	2	5	0
11	2	6	0
11	2	7	1
11	2	8	4
11	2	9	7
11	2	10	11
11	2	11	6
11	2	12	0
11	2	13	1
11	3	0	0
11	3	1	0
11	3	2	0
11	3	3	0
11	3	4	0
11	3	5	0
11	3	6	0
11	3	7	1
11	3	8	5
11	3	9	7
11	3	10	15
11	3	11	15
11	3	12	7
11	3	13	1
11	4	0	0
11	4	1	0
11	4	2	0
11	4	3	0
11	4	4	0
11	4	5	0
11	4	6	0
11	4	7	5
11	4	8	1
11	4	9	10
11	4	10	4
11	4	11	14
11	4	12	22
11	4	13	9
11	5	0	0
11	5	1	0
11	5	2	0
11	5	3	0
11	5	4	0
11	5	5	0
11	5	6	1
11	5	7	1
11	5	8	6
11	5	9	10
11	5	10	15
11	5	11	15
11	5	12	24
11	5	13	15
11	6	0	0
11	6	1	0
11	6	2	0
11	6	3	0
11	6	4	0
11	6	5	0
11	6	6	0
11	6	7	5
11	6	8	5
11	6	9	13
11	6	10	13
11	6	11	25
11	6	12	25
11	6	13	14
11	7	0	0
11	7	1	0
11	7	2	0
11	7	3	0
11	7	4	0
11	7	5	0
11	7	6	1
11	7	7	6
11	7	8	10
11	7	9	13
11	7	10	18
11	7	11	19
11	7	12	24
11	7	13	17
11	8	0	0
11	8	1	0
11	8	2	0
11	8	3	0
11	8	4	0
11	8	5	0
11	8	6	0
11	8	7	2
11	8	8	7
11	8	9	15
11	8	10	15
11	8	11	13
11	8	12	26
11	8	13	19
11	9	0	0
11	9	1	0
11	9	2	0
11	9	3	0
11	9	4	0
11	9	5	0
11	9	6	2
11	9	7	7
11	9	8	4
11	9	9	17
11	9	10	17
11	9	11	23
11	9	12	31
11	9	13	16
11	10	0	0
11	10	1	0
11	10	2	0
11	10	3	0
11	10	4	0
11	10	5	0
11	10	6	2
11	10	7	5
11	10	8	12
11	10	9	10
11	10	10	17
11	10	11	15
11	10	12	23
11	10	13	14
11	11	0	0
11	11	1	0
11	11	2	0
11	11	3	0
11	11	4	0
11	11	5	0
11	11	6	0
11	11	7	4
11	11	8	9
11	11	9	10
11	11	10	10
11	11	11	18
11	11	12	24
11	11	13	18
11	12	0	0
11	12	1	0
11	12	2	0
11	12	3	0
11	12	4	0
11	12	5	0
11	12	6	0
11	12	7	6
11	12	8	5
11	12	9	19
11	12	10	18
11	12	11	21
11	12	12	22
11	12	13	26
11	13	0	0
11	13	1	0
11	13	2	0
11	13	3	0
11	13	4	0
11	13	5	0
11	13	6	1
11	13	7	4
11	13	8	4
11	13	9	10
11	13	10	15
11	13	11	18
11	13	12	36
11	13	13	17
11	14	0	0
11	14	1	0
11	14	2	0
11	14	3	0
11	14	4	0
11	14	5	0
11	14	6	0
11	14	7	6
11	14	8	8
11	14	9	5
11	14	10	11
11	14	11	21
11	14	12	25
11	14	13	18
11	15	0	0
11	15	1	0
11	15	2	0
11	15	3	0
11	15	4	0
11	15	5	0
11	15	6	1
11	15	7	1
11	15	8	8
11	15	9	14
11	15	10	14
11	15	11	12
11	15	12	26
11	15	13	8
11	16	0	0
11	16	1	0
11	16	2	0
11	16	3	0
11	16	4	0
11	16	5	0
11	16	6	0
11	16	7	3
11	16	8	1
11	16	9	8
11	16	10	14
11	16	11	29
11	16	12	15
11	16	13	0
11	17	0	0
11	17	1	0
11	17	2	0
11	17	3	0
11	17	4	0
11	17	5	0
11	17	6	0
11	17	7	3
11	17	8	4
11	17	9	5
11	17	10	17
11	17	11	12
11	17	12	2
11	17	13	0
11	18	0	0
11	18	1	0
11	18	2	0
11	18	3	0
11	18	4	0
11	18	5	0
11	18	6	1
11	18	7	2
11	18	8	6
11	18	9	6
11	18	10	15
11	18	11	1
11	18	12	0
11	18	13	0
11	19	0	0
11	19	1	0
11	19	2	0
11	19	3	0
11	19	4	0
11	19	5	0
11	19	6	1
11	19	7	1
11	19	8	3
11	19	9	5
11	19	10	4
11	19	11	0
11	19	12	0
11	19	13	0
12	0	0	0
12	0	1	0
12	0	2	0
12	0	3	0
12	0	4	0
12	0	5	0
12	0	6	0
12	0	7	0
12	0	8	0
12	0	9	0
12	0	10	1
12	0	11	0
12	0	12	0
12	0	13	0
12	1	0	0
12	1	1	0
12	1	2	0
12	1	3	0
12	1	4	0
12	1	5	0
12	1	6	0
12	1	7	0
12	1	8	0
12	1	9	1
12	1	10	2
12	1	11	1
12	1	12	0
12	1	13	0
12	2	0	0
12	2	1	0
12	2	2	0
12	2	3	0
12	2	4	0
12	2	5	0
12	2	6	0
12	2	7	0
12	2	8	1
12	2	9	1
12	2	10	1
12	2	11	8
12	2	12	0
12	2	13	0
12	3	0	0
12	3	1	0
12	3	2	0
12	3	3	0
12	3	4	0
12	3	5	0
12	3	6	0
12	3	7	0
12	3	8	0
12	3	9	2
12	3	10	11
12	3	11	11
12	3	12	14
12	3	13	1
12	4	0	0
12	4	1	0
12	4	2	0
12	4	3	0
12	4	4	0
12	4	5	0
12	4	6	0
12	4	7	0
12	4	8	0
12	4	9	0
12	4	10	5
12	4	11	6
12	4	12	14
12	4	13	12
12	5	0	0
12	5	1	0
12	5	2	0
12	5	3	0
12	5	4	0
12	5	5	0
12	5	6	0
12	5	7	0
12	5	8	0
12	5	9	5
12	5	10	6
12	5	11	12
12	5	12	15
12	5	13	12
12	6	0	0
12	6	1	0
12	6	2	0
12	6	3	0
12	6	4	0
12	6	5	0
12	6	6	0
12	6	7	0
12	6	8	2
12	6	9	4
12	6	10	12
12	6	11	8
12	6	12	14
12	6	13	21
12	7	0	0
12	7	1	0
12	7	2	0
12	7	3	0
12	7	4	0
12	7	5	0
12	7	6	0
12	7	7	0
12	7	8	1
12	7	9	3
12	7	10	5
12	7	11	11
12	7	12	12
12	7	13	16
12	8	0	0
12	8	1	0
12	8	2	0
12	8	3	0
12	8	4	0
12	8	5	0
12	8	6	0
12	8	7	0
12	8	8	4
12	8	9	2
12	8	10	6
12	8	11	10
12	8	12	9
12	8	13	12
12	9	0	0
12	9	1	0
12	9	2	0
12	9	3	0
12	9	4	0
12	9	5	0
12	9	6	0
12	9	7	0
12	9	8	1
12	9	9	2
12	9	10	8
12	9	11	8
12	9	12	17
12	9	13	9
12	10	0	0
12	10	1	0
12	10	2	0
12	10	3	0
12	10	4	0
12	10	5	0
12	10	6	0
12	10	7	0
12	10	8	0
12	10	9	2
12	10	10	10
12	10	11	10
12	10	12	9
12	10	13	13
12	11	0	0
12	11	1	0
12	11	2	0
12	11	3	0
12	11	4	0
12	11	5	0
12	11	6	0
12	11	7	0
12	11	8	0
12	11	9	6
12	11	10	2
12	11	11	6
12	11	12	10
12	11	13	21
12	12	0	0
12	12	1	0
12	12	2	0
12	12	3	0
12	12	4	0
12	12	5	0
12	12	6	0
12	12	7	0
12	12	8	0
12	12	9	3
12	12	10	4
12	12	11	8
12	12	12	7
12	12	13	9
12	13	0	0
12	13	1	0
12	13	2	0
12	13	3	0
12	13	4	0
12	13	5	0
12	13	6	0
12	13	7	0
12	13	8	1
12	13	9	2
12	13	10	5
12	13	11	10
12	13	12	15
12	13	13	4
12	14	0	0
12	14	1	0
12	14	2	0
12	14	3	0
12	14	4	0
12	14	5	0
12	14	6	0
12	14	7	0
12	14	8	1
12	14	9	2
12	14	10	4
12	14	11	8
12	14	12	6
12	14	13	14
12	15	0	0
12	15	1	0
12	15	2	0
12	15	3	0
12	15	4	0
12	15	5	0
12	15	6	0
12	15	7	0
12	15	8	1
12	15	9	3
12	15	10	3
12	15	11	6
12	15	12	11
12	15	13	9
12	16	0	0
12	16	1	0
12	16	2	0
12	16	3	0
12	16	4	0
12	16	5	0
12	16	6	0
12	16	7	0
12	16	8	1
12	16	9	4
12	16	10	5
12	16	11	7
12	16	12	9
12	16	13	6
12	17	0	0
12	17	1	0
12	17	2	0
12	17	3	0
12	17	4	0
12	17	5	0
12	17	6	0
12	17	7	0
12	17	8	2
12	17	9	2
12	17	10	9
12	17	11	5
12	17	12	1
12	17	13	0
12	18	0	0
12	18	1	0
12	18	2	0
12	18	3	0
12	18	4	0
12	18	5	0
12	18	6	0
12	18	7	0
12	18	8	3
12	18	9	4
12	18	10	7
12	18	11	3
12	18	12	0
12	18	13	0
12	19	0	0
12	19	1	0
12	19	2	0
12	19	3	0
12	19	4	0
12	19	5	0
12	19	6	0
12	19	7	0
12	19	8	0
12	19	9	3
12	19	10	4
12	19	11	0
12	19	12	0
12	19	13	0
13	0	0	0
13	0	1	0
13	0	2	0
13	0	3	0
13	0	4	0
13	0	5	0
13	0	6	0
13	0	7	0
13	0	8	0
13	0	9	0
13	0	10	0
13	0	11	0
13	0	12	0
13	0	13	0
13	1	0	0
13	1	1	0
13	1	2	0
13	1	3	0
13	1	4	0
13	1	5	0
13	1	6	0
13	1	7	0
13	1	8	0
13	1	9	0
13	1	10	0
13	1	11	0
13	1	12	0
13	1	13	0
13	2	0	0
13	2	1	0
13	2	2	0
13	2	3	0
13	2	4	0
13	2	5	0
13	2	6	0
13	2	7	0
13	2	8	0
13	2	9	0
13	2	10	0
13	2	11	2
13	2	12	3
13	2	13	0
13	3	0	0
13	3	1	0
13	3	2	0
13	3	3	0
13	3	4	0
13	3	5	0
13	3	6	0
13	3	7	0
13	3	8	0
13	3	9	0
13	3	10	0
13	3	11	1
13	3	12	3
13	3	13	1
13	4	0	0
13	4	1	0
13	4	2	0
13	4	3	0
13	4	4	0
13	4	5	0
13	4	6	0
13	4	7	0
13	4	8	0
13	4	9	0
13	4	10	0
13	4	11	3
13	4	12	0
13	4	13	2
13	5	0	0
13	5	1	0
13	5	2	0
13	5	3	0
13	5	4	0
13	5	5	0
13	5	6	0
13	5	7	0
13	5	8	0
13	5	9	0
13	5	10	0
13	5	11	1
13	5	12	2
13	5	13	5
13	6	0	0
13	6	1	0
13	6	2	0
13	6	3	0
13	6	4	0
13	6	5	0
13	6	6	0
13	6	7	0
13	6	8	0
13	6	9	0
13	6	10	1
13	6	11	3
13	6	12	9
13	6	13	12
13	7	0	0
13	7	1	0
13	7	2	0
13	7	3	0
13	7	4	0
13	7	5	0
13	7	6	0
13	7	7	0
13	7	8	0
13	7	9	0
13	7	10	0
13	7	11	2
13	7	12	7
13	7	13	6
13	8	0	0
13	8	1	0
13	8	2	0
13	8	3	0
13	8	4	0
13	8	5	0
13	8	6	0
13	8	7	0
13	8	8	0
13	8	9	0
13	8	10	0
13	8	11	1
13	8	12	3
13	8	13	4
13	9	0	0
13	9	1	0
13	9	2	0
13	9	3	0
13	9	4	0
13	9	5	0
13	9	6	0
13	9	7	0
13	9	8	0
13	9	9	0
13	9	10	0
13	9	11	5
13	9	12	3
13	9	13	3
13	10	0	0
13	10	1	0
13	10	2	0
13	10	3	0
13	10	4	0
13	10	5	0
13	10	6	0
13	10	7	0
13	10	8	0
13	10	9	0
13	10	10	0
13	10	11	0
13	10	12	3
13	10	13	6
13	11	0	0
13	11	1	0
13	11	2	0
13	11	3	0
13	11	4	0
13	11	5	0
13	11	6	0
13	11	7	0
13	11	8	0
13	11	9	0
13	11	10	1
13	11	11	2
13	11	12	3
13	11	13	5
13	12	0	0
13	12	1	0
13	12	2	0
13	12	3	0
13	12	4	0
13	12	5	0
13	12	6	0
13	12	7	0
13	12	8	0
13	12	9	0
13	12	10	0
13	12	11	3
13	12	12	5
13	12	13	3
13	13	0	0
13	13	1	0
13	13	2	0
13	13	3	0
13	13	4	0
13	13	5	0
13	13	6	0
13	13	7	0
13	13	8	0
13	13	9	1
13	13	10	0
13	13	11	0
13	13	12	4
13	13	13	4
13	14	0	0
13	14	1	0
13	14	2	0
13	14	3	0
13	14	4	0
13	14	5	0
13	14	6	0
13	14	7	0
13	14	8	0
13	14	9	0
13	14	10	0
13	14	11	0
13	14	12	4
13	14	13	9
13	15	0	0
13	15	1	0
13	15	2	0
13	15	3	0
13	15	4	0
13	15	5	0
13	15	6	0
13	15	7	0
13	15	8	0
13	15	9	0
13	15	10	0
13	15	11	4
13	15	12	0
13	15	13	2
13	16	0	0
13	16	1	0
13	16	2	0
13	16	3	0
13	16	4	0
13	16	5	0
13	16	6	0
13	16	7	0
13	16	8	0
13	16	9	0
13	16	10	1
13	16	11	2
13	16	12	4
13	16	13	2
13	17	0	0
13	17	1	0
13	17	2	0
13	17	3	0
13	17	4	0
13	17	5	0
13	17	6	0
13	17	7	0
13	17	8	0
13	17	9	0
13	17	10	0
13	17	11	1
13	17	12	0
13	17	13	0
13	18	0	0
13	18	1	0
13	18	2	0
13	18	3	0
13	18	4	0
13	18	5	0
13	18	6	0
13	18	7	0
13	18	8	0
13	18	9	0
13	18	10	0
13	18	11	0
13	18	12	0
13	18	13	0
13	19	0	0
13	19	1	0
13	19	2	0
13	19	3	0
13	19	4	0
13	19	5	0
13	19	6	0
13	19	7	0
13	19	8	0
13	19	9	0
13	19	10	0
13	19	11	0
13	19	12	1
13	19	13	0
14	0	0	0
14	0	1	0
14	0	2	0
14	0	3	0
14	0	4	0
14	0	5	0
14	0	6	0
14	0	7	0
14	0	8	0
14	0	9	0
14	0	10	0
14	0	11	0
14	0	12	0
14	0	13	0
14	1	0	0
14	1	1	0
14	1	2	0
14	1	3	0
14	1	4	0
14	1	5	0
14	1	6	0
14	1	7	0
14	1	8	0
14	1	9	0
14	1	10	0
14	1	11	0
14	1	12	0
14	1	13	0
14	2	0	0
14	2	1	0
14	2	2	0
14	2	3	0
14	2	4	0
14	2	5	0
14	2	6	0
14	2	7	0
14	2	8	0
14	2	9	0
14	2	10	0
14	2	11	0
14	2	12	0
14	2	13	0
14	3	0	0
14	3	1	0
14	3	2	0
14	3	3	0
14	3	4	0
14	3	5	0
14	3	6	0
14	3	7	0
14	3	8	0
14	3	9	0
14	3	10	0
14	3	11	0
14	3	12	0
14	3	13	0
14	4	0	0
14	4	1	0
14	4	2	0
14	4	3	0
14	4	4	0
14	4	5	0
14	4	6	0
14	4	7	0
14	4	8	0
14	4	9	0
14	4	10	0
14	4	11	0
14	4	12	0
14	4	13	0
14	5	0	0
14	5	1	0
14	5	2	0
14	5	3	0
14	5	4	0
14	5	5	0
14	5	6	0
14	5	7	0
14	5	8	0
14	5	9	0
14	5	10	0
14	5	11	0
14	5	12	0
14	5	13	0
14	6	0	0
14	6	1	0
14	6	2	0
14	6	3	0
14	6	4	0
14	6	5	0
14	6	6	0
14	6	7	0
14	6	8	0
14	6	9	0
14	6	10	0
14	6	11	0
14	6	12	0
14	6	13	0
14	7	0	0
14	7	1	0
14	7	2	0
14	7	3	0
14	7	4	0
14	7	5	0
14	7	6	0
14	7	7	0
14	7	8	0
14	7	9	0
14	7	10	0
14	7	11	0
14	7	12	0
14	7	13	1
14	8	0	0
14	8	1	0
14	8	2	0
14	8	3	0
14	8	4	0
14	8	5	0
14	8	6	0
14	8	7	0
14	8	8	0
14	8	9	0
14	8	10	0
14	8	11	0
14	8	12	0
14	8	13	0
14	9	0	0
14	9	1	0
14	9	2	0
14	9	3	0
14	9	4	0
14	9	5	0
14	9	6	0
14	9	7	0
14	9	8	0
14	9	9	0
14	9	10	0
14	9	11	0
14	9	12	0
14	9	13	0
14	10	0	0
14	10	1	0
14	10	2	0
14	10	3	0
14	10	4	0
14	10	5	0
14	10	6	0
14	10	7	0
14	10	8	0
14	10	9	1
14	10	10	0
14	10	11	0
14	10	12	0
14	10	13	0
14	11	0	0
14	11	1	0
14	11	2	0
14	11	3	0
14	11	4	0
14	11	5	0
14	11	6	0
14	11	7	0
14	11	8	0
14	11	9	0
14	11	10	0
14	11	11	0
14	11	12	1
14	11	13	1
14	12	0	0
14	12	1	0
14	12	2	0
14	12	3	0
14	12	4	0
14	12	5	0
14	12	6	0
14	12	7	0
14	12	8	0
14	12	9	0
14	12	10	0
14	12	11	0
14	12	12	0
14	12	13	0
14	13	0	0
14	13	1	0
14	13	2	0
14	13	3	0
14	13	4	0
14	13	5	0
14	13	6	0
14	13	7	0
14	13	8	0
14	13	9	0
14	13	10	0
14	13	11	0
14	13	12	1
14	13	13	0
14	14	0	0
14	14	1	0
14	14	2	0
14	14	3	0
14	14	4	0
14	14	5	0
14	14	6	0
14	14	7	0
14	14	8	0
14	14	9	0
14	14	10	0
14	14	11	0
14	14	12	0
14	14	13	0
14	15	0	0
14	15	1	0
14	15	2	0
14	15	3	0
14	15	4	0
14	15	5	0
14	15	6	0
14	15	7	0
14	15	8	0
14	15	9	0
14	15	10	0
14	15	11	0
14	15	12	0
14	15	13	1
14	16	0	0
14	16	1	0
14	16	2	0
14	16	3	0
14	16	4	0
14	16	5	0
14	16	6	0
14	16	7	0
14	16	8	0
14	16	9	0
14	16	10	0
14	16	11	0
14	16	12	0
14	16	13	0
14	17	0	0
14	17	1	0
14	17	2	0
14	17	3	0
14	17	4	0
14	17	5	0
14	17	6	0
14	17	7	0
14	17	8	0
14	17	9	0
14	17	10	0
14	17	11	0
14	17	12	0
14	17	13	0
14	18	0	0
14	18	1	0
14	18	2	0
14	18	3	0
14	18	4	0
14	18	5	0
14	18	6	0
14	18	7	0
14	18	8	0
14	18	9	0
14	18	10	0
14	18	11	0
14	18	12	0
14	18	13	0
14	19	0	0
14	19	1	0
14	19	2	0
14	19	3	0
14	19	4	0
14	19	5	0
14	19	6	0
14	19	7	0
14	19	8	0
14	19	9	0
14	19	10	0
14	19	11	0
14	19	12	0
14	19	13	0
