#FIG 3.2
Portrait
Center
Inches
Letter  
100.00
Single
-2
1200 2
2 2 0 1 0 4 50 0 20 0.000 0 0 -1 0 0 5
	 450 1425 2325 1425 2325 2025 450 2025 450 1425
2 2 0 1 0 2 50 0 20 0.000 0 0 -1 0 0 5
	 1525 3300 4350 3300 4350 3900 1525 3900 1525 3300
2 1 0 2 0 7 50 0 -1 0.000 0 0 -1 0 0 2
	 975 3525 1500 3525
2 1 0 2 0 7 50 0 -1 0.000 0 0 -1 0 0 3
	 975 2100 975 4875 1500 4875
2 1 0 2 0 7 50 0 -1 0.000 0 0 -1 0 0 3
	 975 4875 975 6225 1500 6225
2 2 0 1 0 11 50 0 20 0.000 0 0 -1 0 0 5
	 1425 9675 4250 9675 4250 10275 1425 10275 1425 9675
2 2 0 1 0 11 50 0 20 0.000 0 0 -1 0 0 5
	 1425 8400 4250 8400 4250 9000 1425 9000 1425 8400
2 2 0 1 0 4 50 0 20 0.000 0 0 -1 0 0 5
	 4875 1425 8100 1425 8100 2025 4875 2025 4875 1425
2 2 0 1 0 2 50 0 20 0.000 0 0 -1 0 0 5
	 5775 4575 9500 4575 9500 5175 5775 5175 5775 4575
2 2 0 1 0 2 50 0 20 0.000 0 0 -1 0 0 5
	 5775 5850 9500 5850 9500 6450 5775 6450 5775 5850
2 1 0 2 0 7 50 0 -1 0.000 0 0 -1 0 0 3
	 5250 2100 5250 6075 5775 6075
2 1 0 2 0 7 50 0 -1 0.000 0 0 -1 0 0 2
	 5250 4875 5775 4875
2 1 0 2 0 7 50 0 -1 0.000 0 0 -1 0 0 2
	 5250 3525 5775 3525
2 2 0 1 0 2 50 0 20 0.000 0 0 -1 0 0 5
	 5775 7125 9500 7125 9500 7725 5775 7725 5775 7125
2 2 0 1 0 2 50 0 20 0.000 0 0 -1 0 0 5
	 5775 9675 9500 9675 9500 10275 5775 10275 5775 9675
2 1 0 2 0 7 50 0 -1 0.000 0 0 -1 0 0 3
	 5250 6075 5250 9975 5775 9975
2 1 0 2 0 7 50 0 -1 0.000 0 0 -1 0 0 2
	 5250 8700 5775 8700
2 1 0 2 0 7 50 0 -1 0.000 0 0 -1 0 0 2
	 5250 7425 5775 7425
2 2 0 1 0 2 50 0 20 0.000 0 0 -1 0 0 5
	 5775 8400 9500 8400 9500 9000 5775 9000 5775 8400
2 2 0 1 0 2 50 0 20 0.000 0 0 -1 0 0 5
	 1500 4575 4325 4575 4325 5175 1500 5175 1500 4575
2 2 0 1 0 2 50 0 20 0.000 0 0 -1 0 0 5
	 1500 5925 4325 5925 4325 6525 1500 6525 1500 5925
2 2 0 1 0 2 50 0 20 0.000 0 0 -1 0 0 5
	 5825 3300 9525 3300 9525 3900 5825 3900 5825 3300
4 0 0 50 0 2 25 0.0000 4 330 1575 675 1875 TQObject\001
4 0 0 50 0 2 25 0.0000 4 255 2640 1650 3675 RDataContainer\001
4 0 0 50 0 2 25 0.0000 4 255 2535 1650 5025 RPlotContainer\001
4 0 0 50 0 2 25 0.0000 4 255 1470 1650 6375 RDataFit\001
4 0 0 50 0 2 25 0.0000 4 255 1530 1575 8850 RPlotList\001
4 0 0 50 0 2 25 0.0000 4 330 1215 1575 10125 RVegas\001
4 0 0 50 0 2 25 0.0000 4 255 3120 4950 1875 TGTransientFrame\001
4 0 0 50 0 2 25 0.0000 4 330 3090 5850 7575 RComboBoxDialog\001
4 0 0 50 0 2 25 0.0000 4 330 3645 5850 8850 RNumberEntryDialog \001
4 0 0 50 0 2 25 0.0000 4 330 3225 5850 10125 RStringEntryDialog\001
4 0 0 50 0 2 25 0.0000 4 330 2100 5850 6300 RProcessLog\001
4 0 0 50 0 2 25 0.0000 4 330 2400 5850 5025 RDataFitEntry\001
4 0 0 50 0 2 25 0.0000 4 255 2385 5850 3750 RDataWindow\001
