0	0	0	1
0	0	1	0
0	0	2	1
0	0	3	1
0	0	4	0
0	0	5	0
0	0	6	0
0	0	7	0
0	0	8	0
0	0	9	1
0	0	10	0
0	0	11	0
0	0	12	0
0	0	13	0
0	1	0	3
0	1	1	2
0	1	2	1
0	1	3	1
0	1	4	1
0	1	5	0
0	1	6	0
0	1	7	0
0	1	8	1
0	1	9	0
0	1	10	0
0	1	11	0
0	1	12	0
0	1	13	0
0	2	0	1
0	2	1	0
0	2	2	0
0	2	3	0
0	2	4	1
0	2	5	2
0	2	6	0
0	2	7	0
0	2	8	0
0	2	9	0
0	2	10	1
0	2	11	1
0	2	12	0
0	2	13	0
0	3	0	0
0	3	1	0
0	3	2	0
0	3	3	2
0	3	4	0
0	3	5	1
0	3	6	0
0	3	7	0
0	3	8	0
0	3	9	0
0	3	10	0
0	3	11	0
0	3	12	0
0	3	13	0
0	4	0	0
0	4	1	0
0	4	2	0
0	4	3	0
0	4	4	2
0	4	5	0
0	4	6	1
0	4	7	4
0	4	8	0
0	4	9	0
0	4	10	0
0	4	11	0
0	4	12	1
0	4	13	0
0	5	0	1
0	5	1	0
0	5	2	2
0	5	3	0
0	5	4	0
0	5	5	0
0	5	6	2
0	5	7	2
0	5	8	2
0	5	9	1
0	5	10	0
0	5	11	1
0	5	12	0
0	5	13	0
0	6	0	1
0	6	1	0
0	6	2	0
0	6	3	1
0	6	4	0
0	6	5	3
0	6	6	0
0	6	7	2
0	6	8	2
0	6	9	0
0	6	10	3
0	6	11	3
0	6	12	2
0	6	13	2
0	7	0	2
0	7	1	0
0	7	2	1
0	7	3	0
0	7	4	1
0	7	5	1
0	7	6	1
0	7	7	0
0	7	8	1
0	7	9	1
0	7	10	3
0	7	11	1
0	7	12	1
0	7	13	0
0	8	0	2
0	8	1	0
0	8	2	0
0	8	3	2
0	8	4	0
0	8	5	0
0	8	6	1
0	8	7	1
0	8	8	1
0	8	9	2
0	8	10	1
0	8	11	0
0	8	12	0
0	8	13	0
0	9	0	1
0	9	1	1
0	9	2	1
0	9	3	1
0	9	4	2
0	9	5	0
0	9	6	3
0	9	7	2
0	9	8	1
0	9	9	6
0	9	10	3
0	9	11	0
0	9	12	0
0	9	13	1
0	10	0	0
0	10	1	0
0	10	2	1
0	10	3	0
0	10	4	2
0	10	5	2
0	10	6	2
0	10	7	3
0	10	8	1
0	10	9	4
0	10	10	6
0	10	11	3
0	10	12	0
0	10	13	0
0	11	0	2
0	11	1	0
0	11	2	0
0	11	3	2
0	11	4	0
0	11	5	4
0	11	6	1
0	11	7	2
0	11	8	5
0	11	9	6
0	11	10	7
0	11	11	1
0	11	12	1
0	11	13	0
0	12	0	0
0	12	1	1
0	12	2	1
0	12	3	2
0	12	4	3
0	12	5	2
0	12	6	0
0	12	7	2
0	12	8	5
0	12	9	4
0	12	10	7
0	12	11	0
0	12	12	1
0	12	13	2
0	13	0	0
0	13	1	1
0	13	2	0
0	13	3	2
0	13	4	0
0	13	5	3
0	13	6	0
0	13	7	4
0	13	8	1
0	13	9	0
0	13	10	3
0	13	11	1
0	13	12	0
0	13	13	1
0	14	0	1
0	14	1	0
0	14	2	2
0	14	3	1
0	14	4	2
0	14	5	1
0	14	6	1
0	14	7	1
0	14	8	1
0	14	9	1
0	14	10	0
0	14	11	1
0	14	12	1
0	14	13	0
0	15	0	3
0	15	1	0
0	15	2	2
0	15	3	1
0	15	4	1
0	15	5	0
0	15	6	3
0	15	7	1
0	15	8	1
0	15	9	0
0	15	10	0
0	15	11	0
0	15	12	0
0	15	13	0
0	16	0	2
0	16	1	1
0	16	2	0
0	16	3	1
0	16	4	1
0	16	5	1
0	16	6	1
0	16	7	0
0	16	8	0
0	16	9	0
0	16	10	1
0	16	11	0
0	16	12	0
0	16	13	1
0	17	0	1
0	17	1	0
0	17	2	1
0	17	3	1
0	17	4	0
0	17	5	0
0	17	6	0
0	17	7	0
0	17	8	0
0	17	9	0
0	17	10	2
0	17	11	1
0	17	12	0
0	17	13	0
0	18	0	4
0	18	1	5
0	18	2	0
0	18	3	0
0	18	4	0
0	18	5	0
0	18	6	0
0	18	7	0
0	18	8	0
0	18	9	0
0	18	10	0
0	18	11	0
0	18	12	0
0	18	13	0
0	19	0	6
0	19	1	0
0	19	2	2
0	19	3	0
0	19	4	0
0	19	5	0
0	19	6	0
0	19	7	0
0	19	8	0
0	19	9	0
0	19	10	0
0	19	11	0
0	19	12	0
0	19	13	0
1	0	0	2
1	0	1	5
1	0	2	3
1	0	3	3
1	0	4	0
1	0	5	0
1	0	6	0
1	0	7	1
1	0	8	0
1	0	9	0
1	0	10	1
1	0	11	1
1	0	12	0
1	0	13	0
1	1	0	11
1	1	1	34
1	1	2	21
1	1	3	8
1	1	4	1
1	1	5	0
1	1	6	0
1	1	7	0
1	1	8	0
1	1	9	0
1	1	10	0
1	1	11	0
1	1	12	1
1	1	13	0
1	2	0	2
1	2	1	11
1	2	2	5
1	2	3	3
1	2	4	2
1	2	5	1
1	2	6	0
1	2	7	0
1	2	8	0
1	2	9	0
1	2	10	0
1	2	11	1
1	2	12	0
1	2	13	0
1	3	0	1
1	3	1	0
1	3	2	0
1	3	3	0
1	3	4	2
1	3	5	0
1	3	6	0
1	3	7	0
1	3	8	0
1	3	9	1
1	3	10	0
1	3	11	0
1	3	12	0
1	3	13	2
1	4	0	0
1	4	1	0
1	4	2	2
1	4	3	1
1	4	4	1
1	4	5	1
1	4	6	2
1	4	7	0
1	4	8	0
1	4	9	0
1	4	10	1
1	4	11	0
1	4	12	1
1	4	13	0
1	5	0	0
1	5	1	0
1	5	2	0
1	5	3	0
1	5	4	1
1	5	5	0
1	5	6	0
1	5	7	1
1	5	8	0
1	5	9	0
1	5	10	0
1	5	11	1
1	5	12	0
1	5	13	0
1	6	0	0
1	6	1	0
1	6	2	2
1	6	3	1
1	6	4	1
1	6	5	0
1	6	6	1
1	6	7	0
1	6	8	0
1	6	9	3
1	6	10	5
1	6	11	0
1	6	12	1
1	6	13	0
1	7	0	1
1	7	1	0
1	7	2	1
1	7	3	0
1	7	4	1
1	7	5	0
1	7	6	2
1	7	7	1
1	7	8	1
1	7	9	6
1	7	10	15
1	7	11	0
1	7	12	1
1	7	13	1
1	8	0	1
1	8	1	0
1	8	2	1
1	8	3	2
1	8	4	0
1	8	5	1
1	8	6	2
1	8	7	1
1	8	8	1
1	8	9	12
1	8	10	38
1	8	11	0
1	8	12	0
1	8	13	1
1	9	0	0
1	9	1	0
1	9	2	0
1	9	3	0
1	9	4	1
1	9	5	0
1	9	6	1
1	9	7	2
1	9	8	1
1	9	9	39
1	9	10	57
1	9	11	1
1	9	12	0
1	9	13	1
1	10	0	1
1	10	1	0
1	10	2	1
1	10	3	0
1	10	4	2
1	10	5	2
1	10	6	0
1	10	7	1
1	10	8	4
1	10	9	70
1	10	10	81
1	10	11	0
1	10	12	1
1	10	13	0
1	11	0	0
1	11	1	1
1	11	2	1
1	11	3	1
1	11	4	2
1	11	5	1
1	11	6	1
1	11	7	2
1	11	8	2
1	11	9	46
1	11	10	68
1	11	11	0
1	11	12	0
1	11	13	0
1	12	0	0
1	12	1	0
1	12	2	1
1	12	3	1
1	12	4	0
1	12	5	0
1	12	6	1
1	12	7	0
1	12	8	3
1	12	9	26
1	12	10	37
1	12	11	1
1	12	12	0
1	12	13	0
1	13	0	0
1	13	1	0
1	13	2	0
1	13	3	1
1	13	4	0
1	13	5	0
1	13	6	0
1	13	7	0
1	13	8	2
1	13	9	9
1	13	10	7
1	13	11	1
1	13	12	0
1	13	13	0
1	14	0	0
1	14	1	0
1	14	2	0
1	14	3	0
1	14	4	0
1	14	5	1
1	14	6	4
1	14	7	0
1	14	8	0
1	14	9	1
1	14	10	0
1	14	11	0
1	14	12	1
1	14	13	1
1	15	0	0
1	15	1	0
1	15	2	1
1	15	3	0
1	15	4	1
1	15	5	0
1	15	6	0
1	15	7	0
1	15	8	0
1	15	9	1
1	15	10	0
1	15	11	0
1	15	12	0
1	15	13	0
1	16	0	2
1	16	1	2
1	16	2	2
1	16	3	1
1	16	4	0
1	16	5	3
1	16	6	0
1	16	7	0
1	16	8	2
1	16	9	0
1	16	10	0
1	16	11	0
1	16	12	0
1	16	13	0
1	17	0	3
1	17	1	9
1	17	2	1
1	17	3	2
1	17	4	1
1	17	5	0
1	17	6	1
1	17	7	0
1	17	8	0
1	17	9	0
1	17	10	0
1	17	11	0
1	17	12	0
1	17	13	0
1	18	0	16
1	18	1	27
1	18	2	12
1	18	3	8
1	18	4	2
1	18	5	1
1	18	6	1
1	18	7	0
1	18	8	0
1	18	9	0
1	18	10	0
1	18	11	0
1	18	12	1
1	18	13	0
1	19	0	11
1	19	1	20
1	19	2	20
1	19	3	1
1	19	4	0
1	19	5	0
1	19	6	0
1	19	7	0
1	19	8	1
1	19	9	0
1	19	10	0
1	19	11	0
1	19	12	0
1	19	13	0
2	0	0	2
2	0	1	10
2	0	2	18
2	0	3	19
2	0	4	6
2	0	5	1
2	0	6	0
2	0	7	2
2	0	8	0
2	0	9	0
2	0	10	1
2	0	11	0
2	0	12	0
2	0	13	0
2	1	0	10
2	1	1	50
2	1	2	58
2	1	3	46
2	1	4	17
2	1	5	4
2	1	6	1
2	1	7	0
2	1	8	0
2	1	9	0
2	1	10	0
2	1	11	0
2	1	12	0
2	1	13	0
2	2	0	8
2	2	1	43
2	2	2	54
2	2	3	27
2	2	4	7
2	2	5	8
2	2	6	0
2	2	7	0
2	2	8	0
2	2	9	0
2	2	10	0
2	2	11	0
2	2	12	0
2	2	13	0
2	3	0	2
2	3	1	27
2	3	2	28
2	3	3	12
2	3	4	6
2	3	5	2
2	3	6	3
2	3	7	0
2	3	8	0
2	3	9	1
2	3	10	0
2	3	11	0
2	3	12	1
2	3	13	0
2	4	0	1
2	4	1	7
2	4	2	7
2	4	3	4
2	4	4	2
2	4	5	5
2	4	6	1
2	4	7	1
2	4	8	2
2	4	9	1
2	4	10	0
2	4	11	0
2	4	12	0
2	4	13	1
2	5	0	0
2	5	1	1
2	5	2	3
2	5	3	1
2	5	4	5
2	5	5	0
2	5	6	3
2	5	7	2
2	5	8	0
2	5	9	1
2	5	10	6
2	5	11	0
2	5	12	0
2	5	13	1
2	6	0	0
2	6	1	0
2	6	2	1
2	6	3	3
2	6	4	0
2	6	5	0
2	6	6	2
2	6	7	0
2	6	8	1
2	6	9	10
2	6	10	39
2	6	11	0
2	6	12	0
2	6	13	1
2	7	0	0
2	7	1	1
2	7	2	1
2	7	3	0
2	7	4	3
2	7	5	0
2	7	6	0
2	7	7	2
2	7	8	7
2	7	9	36
2	7	10	164
2	7	11	0
2	7	12	1
2	7	13	0
2	8	0	0
2	8	1	1
2	8	2	0
2	8	3	1
2	8	4	3
2	8	5	1
2	8	6	2
2	8	7	3
2	8	8	9
2	8	9	89
2	8	10	194
2	8	11	1
2	8	12	0
2	8	13	0
2	9	0	0
2	9	1	0
2	9	2	0
2	9	3	1
2	9	4	1
2	9	5	1
2	9	6	2
2	9	7	2
2	9	8	23
2	9	9	217
2	9	10	280
2	9	11	1
2	9	12	0
2	9	13	0
2	10	0	1
2	10	1	0
2	10	2	0
2	10	3	0
2	10	4	3
2	10	5	1
2	10	6	2
2	10	7	0
2	10	8	30
2	10	9	243
2	10	10	314
2	10	11	1
2	10	12	1
2	10	13	0
2	11	0	0
2	11	1	0
2	11	2	1
2	11	3	1
2	11	4	2
2	11	5	2
2	11	6	1
2	11	7	8
2	11	8	27
2	11	9	198
2	11	10	252
2	11	11	0
2	11	12	2
2	11	13	0
2	12	0	0
2	12	1	1
2	12	2	3
2	12	3	3
2	12	4	2
2	12	5	1
2	12	6	0
2	12	7	5
2	12	8	16
2	12	9	145
2	12	10	207
2	12	11	2
2	12	12	0
2	12	13	0
2	13	0	0
2	13	1	1
2	13	2	2
2	13	3	1
2	13	4	5
2	13	5	2
2	13	6	4
2	13	7	3
2	13	8	13
2	13	9	68
2	13	10	133
2	13	11	1
2	13	12	1
2	13	13	2
2	14	0	0
2	14	1	5
2	14	2	3
2	14	3	2
2	14	4	2
2	14	5	1
2	14	6	2
2	14	7	3
2	14	8	5
2	14	9	13
2	14	10	22
2	14	11	1
2	14	12	0
2	14	13	1
2	15	0	1
2	15	1	4
2	15	2	4
2	15	3	6
2	15	4	3
2	15	5	1
2	15	6	0
2	15	7	1
2	15	8	2
2	15	9	1
2	15	10	1
2	15	11	0
2	15	12	0
2	15	13	1
2	16	0	1
2	16	1	22
2	16	2	25
2	16	3	15
2	16	4	9
2	16	5	6
2	16	6	2
2	16	7	1
2	16	8	2
2	16	9	0
2	16	10	0
2	16	11	0
2	16	12	0
2	16	13	0
2	17	0	6
2	17	1	47
2	17	2	40
2	17	3	32
2	17	4	16
2	17	5	4
2	17	6	0
2	17	7	1
2	17	8	0
2	17	9	0
2	17	10	0
2	17	11	1
2	17	12	0
2	17	13	0
2	18	0	21
2	18	1	92
2	18	2	79
2	18	3	57
2	18	4	37
2	18	5	7
2	18	6	0
2	18	7	0
2	18	8	0
2	18	9	0
2	18	10	0
2	18	11	0
2	18	12	0
2	18	13	0
2	19	0	7
2	19	1	25
2	19	2	45
2	19	3	50
2	19	4	27
2	19	5	7
2	19	6	0
2	19	7	0
2	19	8	0
2	19	9	0
2	19	10	0
2	19	11	0
2	19	12	0
2	19	13	0
3	0	0	3
3	0	1	16
3	0	2	20
3	0	3	47
3	0	4	31
3	0	5	23
3	0	6	4
3	0	7	0
3	0	8	0
3	0	9	0
3	0	10	0
3	0	11	0
3	0	12	0
3	0	13	0
3	1	0	12
3	1	1	62
3	1	2	78
3	1	3	107
3	1	4	112
3	1	5	57
3	1	6	23
3	1	7	4
3	1	8	0
3	1	9	1
3	1	10	0
3	1	11	0
3	1	12	0
3	1	13	0
3	2	0	3
3	2	1	69
3	2	2	74
3	2	3	88
3	2	4	106
3	2	5	56
3	2	6	18
3	2	7	3
3	2	8	0
3	2	9	0
3	2	10	1
3	2	11	0
3	2	12	1
3	2	13	1
3	3	0	2
3	3	1	47
3	3	2	75
3	3	3	66
3	3	4	52
3	3	5	47
3	3	6	16
3	3	7	5
3	3	8	3
3	3	9	1
3	3	10	0
3	3	11	0
3	3	12	1
3	3	13	0
3	4	0	0
3	4	1	26
3	4	2	53
3	4	3	36
3	4	4	41
3	4	5	21
3	4	6	13
3	4	7	19
3	4	8	8
3	4	9	2
3	4	10	5
3	4	11	0
3	4	12	0
3	4	13	0
3	5	0	2
3	5	1	11
3	5	2	28
3	5	3	23
3	5	4	35
3	5	5	16
3	5	6	15
3	5	7	13
3	5	8	16
3	5	9	27
3	5	10	64
3	5	11	0
3	5	12	0
3	5	13	0
3	6	0	0
3	6	1	6
3	6	2	14
3	6	3	13
3	6	4	18
3	6	5	15
3	6	6	9
3	6	7	11
3	6	8	39
3	6	9	108
3	6	10	302
3	6	11	9
3	6	12	1
3	6	13	0
3	7	0	0
3	7	1	1
3	7	2	15
3	7	3	15
3	7	4	18
3	7	5	8
3	7	6	10
3	7	7	15
3	7	8	51
3	7	9	200
3	7	10	361
3	7	11	0
3	7	12	0
3	7	13	0
3	8	0	1
3	8	1	3
3	8	2	5
3	8	3	8
3	8	4	13
3	8	5	17
3	8	6	25
3	8	7	25
3	8	8	95
3	8	9	389
3	8	10	444
3	8	11	5
3	8	12	0
3	8	13	0
3	9	0	0
3	9	1	1
3	9	2	7
3	9	3	10
3	9	4	11
3	9	5	7
3	9	6	14
3	9	7	33
3	9	8	130
3	9	9	507
3	9	10	406
3	9	11	2
3	9	12	2
3	9	13	0
3	10	0	1
3	10	1	2
3	10	2	5
3	10	3	9
3	10	4	12
3	10	5	11
3	10	6	22
3	10	7	49
3	10	8	143
3	10	9	556
3	10	10	405
3	10	11	4
3	10	12	0
3	10	13	0
3	11	0	1
3	11	1	1
3	11	2	10
3	11	3	8
3	11	4	13
3	11	5	15
3	11	6	26
3	11	7	46
3	11	8	149
3	11	9	568
3	11	10	438
3	11	11	4
3	11	12	0
3	11	13	0
3	12	0	1
3	12	1	1
3	12	2	7
3	12	3	13
3	12	4	18
3	12	5	20
3	12	6	24
3	12	7	49
3	12	8	134
3	12	9	436
3	12	10	426
3	12	11	2
3	12	12	0
3	12	13	0
3	13	0	1
3	13	1	5
3	13	2	16
3	13	3	22
3	13	4	16
3	13	5	19
3	13	6	28
3	13	7	36
3	13	8	91
3	13	9	325
3	13	10	409
3	13	11	4
3	13	12	1
3	13	13	1
3	14	0	0
3	14	1	12
3	14	2	27
3	14	3	32
3	14	4	34
3	14	5	28
3	14	6	28
3	14	7	30
3	14	8	63
3	14	9	156
3	14	10	231
3	14	11	5
3	14	12	0
3	14	13	0
3	15	0	0
3	15	1	33
3	15	2	50
3	15	3	48
3	15	4	44
3	15	5	37
3	15	6	16
3	15	7	19
3	15	8	38
3	15	9	39
3	15	10	41
3	15	11	0
3	15	12	0
3	15	13	0
3	16	0	0
3	16	1	42
3	16	2	72
3	16	3	73
3	16	4	86
3	16	5	59
3	16	6	36
3	16	7	14
3	16	8	12
3	16	9	3
3	16	10	0
3	16	11	0
3	16	12	0
3	16	13	0
3	17	0	13
3	17	1	55
3	17	2	97
3	17	3	104
3	17	4	102
3	17	5	72
3	17	6	43
3	17	7	19
3	17	8	4
3	17	9	1
3	17	10	0
3	17	11	0
3	17	12	0
3	17	13	0
3	18	0	22
3	18	1	79
3	18	2	102
3	18	3	100
3	18	4	122
3	18	5	103
3	18	6	57
3	18	7	16
3	18	8	1
3	18	9	0
3	18	10	0
3	18	11	0
3	18	12	0
3	18	13	0
3	19	0	17
3	19	1	36
3	19	2	69
3	19	3	105
3	19	4	86
3	19	5	68
3	19	6	28
3	19	7	1
3	19	8	0
3	19	9	0
3	19	10	0
3	19	11	0
3	19	12	0
3	19	13	0
4	0	0	1
4	0	1	10
4	0	2	19
4	0	3	23
4	0	4	64
4	0	5	56
4	0	6	40
4	0	7	7
4	0	8	0
4	0	9	0
4	0	10	0
4	0	11	0
4	0	12	1
4	0	13	0
4	1	0	13
4	1	1	48
4	1	2	61
4	1	3	94
4	1	4	128
4	1	5	176
4	1	6	161
4	1	7	72
4	1	8	9
4	1	9	0
4	1	10	0
4	1	11	0
4	1	12	0
4	1	13	0
4	2	0	3
4	2	1	58
4	2	2	83
4	2	3	112
4	2	4	127
4	2	5	149
4	2	6	168
4	2	7	89
4	2	8	32
4	2	9	2
4	2	10	0
4	2	11	0
4	2	12	0
4	2	13	0
4	3	0	1
4	3	1	46
4	3	2	78
4	3	3	88
4	3	4	118
4	3	5	136
4	3	6	144
4	3	7	79
4	3	8	51
4	3	9	10
4	3	10	0
4	3	11	0
4	3	12	1
4	3	13	0
4	4	0	0
4	4	1	25
4	4	2	75
4	4	3	103
4	4	4	119
4	4	5	133
4	4	6	124
4	4	7	135
4	4	8	95
4	4	9	93
4	4	10	58
4	4	11	1
4	4	12	0
4	4	13	0
4	5	0	0
4	5	1	13
4	5	2	56
4	5	3	73
4	5	4	104
4	5	5	114
4	5	6	112
4	5	7	138
4	5	8	177
4	5	9	277
4	5	10	412
4	5	11	37
4	5	12	2
4	5	13	0
4	6	0	2
4	6	1	11
4	6	2	58
4	6	3	71
4	6	4	70
4	6	5	86
4	6	6	94
4	6	7	106
4	6	8	191
4	6	9	393
4	6	10	601
4	6	11	31
4	6	12	0
4	6	13	1
4	7	0	0
4	7	1	9
4	7	2	43
4	7	3	76
4	7	4	91
4	7	5	107
4	7	6	115
4	7	7	171
4	7	8	268
4	7	9	452
4	7	10	440
4	7	11	15
4	7	12	0
4	7	13	0
4	8	0	0
4	8	1	4
4	8	2	34
4	8	3	57
4	8	4	88
4	8	5	101
4	8	6	141
4	8	7	220
4	8	8	324
4	8	9	624
4	8	10	479
4	8	11	19
4	8	12	1
4	8	13	0
4	9	0	0
4	9	1	3
4	9	2	28
4	9	3	64
4	9	4	71
4	9	5	113
4	9	6	138
4	9	7	184
4	9	8	372
4	9	9	724
4	9	10	403
4	9	11	18
4	9	12	1
4	9	13	0
4	10	0	0
4	10	1	2
4	10	2	53
4	10	3	65
4	10	4	67
4	10	5	98
4	10	6	152
4	10	7	234
4	10	8	394
4	10	9	625
4	10	10	367
4	10	11	18
4	10	12	1
4	10	13	0
4	11	0	0
4	11	1	2
4	11	2	38
4	11	3	83
4	11	4	83
4	11	5	86
4	11	6	147
4	11	7	240
4	11	8	413
4	11	9	671
4	11	10	413
4	11	11	14
4	11	12	0
4	11	13	0
4	12	0	2
4	12	1	10
4	12	2	51
4	12	3	88
4	12	4	100
4	12	5	141
4	12	6	144
4	12	7	221
4	12	8	352
4	12	9	647
4	12	10	458
4	12	11	18
4	12	12	0
4	12	13	0
4	13	0	0
4	13	1	14
4	13	2	64
4	13	3	92
4	13	4	93
4	13	5	142
4	13	6	170
4	13	7	218
4	13	8	362
4	13	9	576
4	13	10	524
4	13	11	12
4	13	12	0
4	13	13	0
4	14	0	0
4	14	1	19
4	14	2	84
4	14	3	97
4	14	4	118
4	14	5	128
4	14	6	172
4	14	7	188
4	14	8	327
4	14	9	546
4	14	10	553
4	14	11	12
4	14	12	1
4	14	13	0
4	15	0	1
4	15	1	34
4	15	2	90
4	15	3	107
4	15	4	145
4	15	5	148
4	15	6	181
4	15	7	182
4	15	8	250
4	15	9	312
4	15	10	312
4	15	11	3
4	15	12	2
4	15	13	1
4	16	0	1
4	16	1	53
4	16	2	87
4	16	3	110
4	16	4	118
4	16	5	180
4	16	6	197
4	16	7	194
4	16	8	157
4	16	9	112
4	16	10	19
4	16	11	1
4	16	12	1
4	16	13	0
4	17	0	9
4	17	1	55
4	17	2	73
4	17	3	103
4	17	4	143
4	17	5	158
4	17	6	144
4	17	7	163
4	17	8	88
4	17	9	10
4	17	10	0
4	17	11	0
4	17	12	0
4	17	13	0
4	18	0	13
4	18	1	53
4	18	2	74
4	18	3	99
4	18	4	156
4	18	5	175
4	18	6	196
4	18	7	159
4	18	8	27
4	18	9	0
4	18	10	1
4	18	11	0
4	18	12	1
4	18	13	0
4	19	0	7
4	19	1	17
4	19	2	38
4	19	3	60
4	19	4	111
4	19	5	137
4	19	6	110
4	19	7	32
4	19	8	0
4	19	9	0
4	19	10	0
4	19	11	0
4	19	12	0
4	19	13	0
5	0	0	1
5	0	1	1
5	0	2	11
5	0	3	14
5	0	4	36
5	0	5	58
5	0	6	68
5	0	7	33
5	0	8	0
5	0	9	0
5	0	10	0
5	0	11	0
5	0	12	0
5	0	13	0
5	1	0	2
5	1	1	15
5	1	2	33
5	1	3	49
5	1	4	79
5	1	5	140
5	1	6	210
5	1	7	238
5	1	8	69
5	1	9	0
5	1	10	1
5	1	11	0
5	1	12	0
5	1	13	0
5	2	0	3
5	2	1	24
5	2	2	68
5	2	3	70
5	2	4	108
5	2	5	162
5	2	6	224
5	2	7	295
5	2	8	248
5	2	9	46
5	2	10	1
5	2	11	0
5	2	12	0
5	2	13	0
5	3	0	0
5	3	1	35
5	3	2	75
5	3	3	98
5	3	4	132
5	3	5	153
5	3	6	218
5	3	7	279
5	3	8	319
5	3	9	229
5	3	10	22
5	3	11	0
5	3	12	0
5	3	13	0
5	4	0	0
5	4	1	18
5	4	2	47
5	4	3	96
5	4	4	118
5	4	5	159
5	4	6	220
5	4	7	256
5	4	8	330
5	4	9	468
5	4	10	351
5	4	11	12
5	4	12	3
5	4	13	1
5	5	0	0
5	5	1	6
5	5	2	72
5	5	3	80
5	5	4	102
5	5	5	135
5	5	6	159
5	5	7	271
5	5	8	334
5	5	9	525
5	5	10	629
5	5	11	82
5	5	12	1
5	5	13	1
5	6	0	0
5	6	1	9
5	6	2	65
5	6	3	107
5	6	4	126
5	6	5	174
5	6	6	187
5	6	7	248
5	6	8	281
5	6	9	420
5	6	10	455
5	6	11	70
5	6	12	0
5	6	13	1
5	7	0	1
5	7	1	4
5	7	2	79
5	7	3	104
5	7	4	130
5	7	5	195
5	7	6	224
5	7	7	253
5	7	8	386
5	7	9	556
5	7	10	394
5	7	11	44
5	7	12	3
5	7	13	1
5	8	0	0
5	8	1	1
5	8	2	79
5	8	3	93
5	8	4	122
5	8	5	155
5	8	6	232
5	8	7	338
5	8	8	408
5	8	9	497
5	8	10	319
5	8	11	33
5	8	12	1
5	8	13	0
5	9	0	0
5	9	1	4
5	9	2	59
5	9	3	119
5	9	4	107
5	9	5	142
5	9	6	215
5	9	7	325
5	9	8	385
5	9	9	459
5	9	10	272
5	9	11	36
5	9	12	0
5	9	13	0
5	10	0	0
5	10	1	0
5	10	2	71
5	10	3	95
5	10	4	115
5	10	5	174
5	10	6	216
5	10	7	280
5	10	8	458
5	10	9	451
5	10	10	245
5	10	11	35
5	10	12	1
5	10	13	1
5	11	0	1
5	11	1	4
5	11	2	59
5	11	3	75
5	11	4	116
5	11	5	163
5	11	6	234
5	11	7	315
5	11	8	414
5	11	9	478
5	11	10	243
5	11	11	37
5	11	12	1
5	11	13	0
5	12	0	0
5	12	1	4
5	12	2	66
5	12	3	102
5	12	4	140
5	12	5	162
5	12	6	256
5	12	7	333
5	12	8	439
5	12	9	520
5	12	10	292
5	12	11	32
5	12	12	1
5	12	13	2
5	13	0	1
5	13	1	15
5	13	2	85
5	13	3	120
5	13	4	134
5	13	5	170
5	13	6	232
5	13	7	317
5	13	8	434
5	13	9	517
5	13	10	379
5	13	11	23
5	13	12	0
5	13	13	0
5	14	0	1
5	14	1	18
5	14	2	78
5	14	3	91
5	14	4	119
5	14	5	183
5	14	6	236
5	14	7	295
5	14	8	410
5	14	9	536
5	14	10	505
5	14	11	33
5	14	12	0
5	14	13	0
5	15	0	2
5	15	1	24
5	15	2	81
5	15	3	103
5	15	4	132
5	15	5	182
5	15	6	229
5	15	7	320
5	15	8	450
5	15	9	650
5	15	10	516
5	15	11	11
5	15	12	2
5	15	13	0
5	16	0	0
5	16	1	44
5	16	2	76
5	16	3	88
5	16	4	119
5	16	5	209
5	16	6	206
5	16	7	318
5	16	8	390
5	16	9	460
5	16	10	123
5	16	11	0
5	16	12	0
5	16	13	0
5	17	0	4
5	17	1	45
5	17	2	56
5	17	3	78
5	17	4	114
5	17	5	169
5	17	6	210
5	17	7	290
5	17	8	357
5	17	9	148
5	17	10	1
5	17	11	0
5	17	12	1
5	17	13	1
5	18	0	6
5	18	1	24
5	18	2	33
5	18	3	48
5	18	4	84
5	18	5	137
5	18	6	242
5	18	7	286
5	18	8	126
5	18	9	3
5	18	10	0
5	18	11	0
5	18	12	0
5	18	13	1
5	19	0	3
5	19	1	13
5	19	2	16
5	19	3	27
5	19	4	42
5	19	5	85
5	19	6	131
5	19	7	111
5	19	8	6
5	19	9	0
5	19	10	0
5	19	11	0
5	19	12	0
5	19	13	0
6	0	0	0
6	0	1	1
6	0	2	10
6	0	3	10
6	0	4	15
6	0	5	25
6	0	6	27
6	0	7	58
6	0	8	3
6	0	9	0
6	0	10	0
6	0	11	0
6	0	12	0
6	0	13	0
6	1	0	0
6	1	1	7
6	1	2	13
6	1	3	13
6	1	4	30
6	1	5	44
6	1	6	81
6	1	7	200
6	1	8	171
6	1	9	2
6	1	10	0
6	1	11	0
6	1	12	0
6	1	13	0
6	2	0	0
6	2	1	7
6	2	2	23
6	2	3	28
6	2	4	35
6	2	5	74
6	2	6	140
6	2	7	229
6	2	8	336
6	2	9	155
6	2	10	0
6	2	11	0
6	2	12	0
6	2	13	0
6	3	0	0
6	3	1	16
6	3	2	26
6	3	3	49
6	3	4	70
6	3	5	106
6	3	6	134
6	3	7	233
6	3	8	348
6	3	9	471
6	3	10	114
6	3	11	0
6	3	12	1
6	3	13	0
6	4	0	0
6	4	1	14
6	4	2	46
6	4	3	47
6	4	4	66
6	4	5	93
6	4	6	157
6	4	7	229
6	4	8	297
6	4	9	471
6	4	10	528
6	4	11	33
6	4	12	0
6	4	13	0
6	5	0	1
6	5	1	11
6	5	2	67
6	5	3	83
6	5	4	89
6	5	5	110
6	5	6	121
6	5	7	186
6	5	8	203
6	5	9	335
6	5	10	422
6	5	11	101
6	5	12	2
6	5	13	1
6	6	0	0
6	6	1	8
6	6	2	53
6	6	3	111
6	6	4	113
6	6	5	157
6	6	6	182
6	6	7	248
6	6	8	305
6	6	9	301
6	6	10	217
6	6	11	66
6	6	12	3
6	6	13	0
6	7	0	1
6	7	1	4
6	7	2	72
6	7	3	94
6	7	4	120
6	7	5	146
6	7	6	194
6	7	7	239
6	7	8	306
6	7	9	291
6	7	10	202
6	7	11	69
6	7	12	0
6	7	13	1
6	8	0	1
6	8	1	4
6	8	2	64
6	8	3	87
6	8	4	121
6	8	5	155
6	8	6	179
6	8	7	240
6	8	8	278
6	8	9	246
6	8	10	166
6	8	11	72
6	8	12	3
6	8	13	0
6	9	0	0
6	9	1	3
6	9	2	58
6	9	3	109
6	9	4	116
6	9	5	152
6	9	6	188
6	9	7	251
6	9	8	230
6	9	9	201
6	9	10	155
6	9	11	56
6	9	12	2
6	9	13	1
6	10	0	0
6	10	1	0
6	10	2	66
6	10	3	95
6	10	4	126
6	10	5	156
6	10	6	195
6	10	7	196
6	10	8	222
6	10	9	219
6	10	10	135
6	10	11	59
6	10	12	4
6	10	13	0
6	11	0	0
6	11	1	2
6	11	2	53
6	11	3	93
6	11	4	105
6	11	5	138
6	11	6	192
6	11	7	218
6	11	8	250
6	11	9	197
6	11	10	127
6	11	11	76
6	11	12	5
6	11	13	0
6	12	0	0
6	12	1	2
6	12	2	59
6	12	3	76
6	12	4	130
6	12	5	165
6	12	6	186
6	12	7	246
6	12	8	272
6	12	9	187
6	12	10	143
6	12	11	53
6	12	12	1
6	12	13	0
6	13	0	0
6	13	1	2
6	13	2	66
6	13	3	99
6	13	4	130
6	13	5	125
6	13	6	166
6	13	7	222
6	13	8	267
6	13	9	253
6	13	10	198
6	13	11	50
6	13	12	3
6	13	13	1
6	14	0	0
6	14	1	13
6	14	2	62
6	14	3	98
6	14	4	96
6	14	5	119
6	14	6	175
6	14	7	248
6	14	8	254
6	14	9	276
6	14	10	254
6	14	11	57
6	14	12	1
6	14	13	0
6	15	0	4
6	15	1	19
6	15	2	64
6	15	3	62
6	15	4	87
6	15	5	111
6	15	6	152
6	15	7	214
6	15	8	279
6	15	9	316
6	15	10	327
6	15	11	40
6	15	12	1
6	15	13	1
6	16	0	0
6	16	1	21
6	16	2	43
6	16	3	52
6	16	4	55
6	16	5	101
6	16	6	130
6	16	7	213
6	16	8	316
6	16	9	412
6	16	10	179
6	16	11	2
6	16	12	1
6	16	13	0
6	17	0	0
6	17	1	12
6	17	2	21
6	17	3	36
6	17	4	41
6	17	5	63
6	17	6	105
6	17	7	222
6	17	8	313
6	17	9	244
6	17	10	11
6	17	11	1
6	17	12	0
6	17	13	0
6	18	0	0
6	18	1	11
6	18	2	16
6	18	3	39
6	18	4	27
6	18	5	62
6	18	6	92
6	18	7	166
6	18	8	220
6	18	9	15
6	18	10	1
6	18	11	0
6	18	12	0
6	18	13	0
6	19	0	0
6	19	1	3
6	19	2	9
6	19	3	18
6	19	4	19
6	19	5	25
6	19	6	48
6	19	7	92
6	19	8	12
6	19	9	0
6	19	10	0
6	19	11	0
6	19	12	0
6	19	13	0
7	0	0	0
7	0	1	0
7	0	2	1
7	0	3	5
7	0	4	11
7	0	5	21
7	0	6	15
7	0	7	26
7	0	8	9
7	0	9	1
7	0	10	0
7	0	11	1
7	0	12	0
7	0	13	0
7	1	0	0
7	1	1	2
7	1	2	5
7	1	3	11
7	1	4	19
7	1	5	31
7	1	6	46
7	1	7	70
7	1	8	80
7	1	9	17
7	1	10	0
7	1	11	0
7	1	12	0
7	1	13	0
7	2	0	0
7	2	1	5
7	2	2	15
7	2	3	15
7	2	4	24
7	2	5	26
7	2	6	43
7	2	7	76
7	2	8	151
7	2	9	147
7	2	10	4
7	2	11	0
7	2	12	0
7	2	13	0
7	3	0	2
7	3	1	3
7	3	2	10
7	3	3	21
7	3	4	23
7	3	5	35
7	3	6	58
7	3	7	61
7	3	8	144
7	3	9	246
7	3	10	126
7	3	11	3
7	3	12	0
7	3	13	0
7	4	0	0
7	4	1	4
7	4	2	20
7	4	3	24
7	4	4	30
7	4	5	37
7	4	6	45
7	4	7	60
7	4	8	99
7	4	9	172
7	4	10	211
7	4	11	55
7	4	12	4
7	4	13	0
7	5	0	0
7	5	1	8
7	5	2	26
7	5	3	37
7	5	4	44
7	5	5	56
7	5	6	66
7	5	7	90
7	5	8	94
7	5	9	121
7	5	10	127
7	5	11	68
7	5	12	1
7	5	13	0
7	6	0	1
7	6	1	8
7	6	2	44
7	6	3	56
7	6	4	65
7	6	5	74
7	6	6	85
7	6	7	90
7	6	8	106
7	6	9	115
7	6	10	135
7	6	11	76
7	6	12	9
7	6	13	1
7	7	0	1
7	7	1	2
7	7	2	42
7	7	3	55
7	7	4	61
7	7	5	78
7	7	6	93
7	7	7	96
7	7	8	94
7	7	9	123
7	7	10	108
7	7	11	88
7	7	12	5
7	7	13	1
7	8	0	0
7	8	1	1
7	8	2	41
7	8	3	70
7	8	4	68
7	8	5	83
7	8	6	86
7	8	7	87
7	8	8	100
7	8	9	92
7	8	10	101
7	8	11	98
7	8	12	5
7	8	13	2
7	9	0	0
7	9	1	3
7	9	2	52
7	9	3	77
7	9	4	82
7	9	5	82
7	9	6	80
7	9	7	106
7	9	8	100
7	9	9	99
7	9	10	101
7	9	11	76
7	9	12	4
7	9	13	0
7	10	0	0
7	10	1	2
7	10	2	44
7	10	3	75
7	10	4	84
7	10	5	83
7	10	6	96
7	10	7	106
7	10	8	84
7	10	9	98
7	10	10	93
7	10	11	75
7	10	12	5
7	10	13	0
7	11	0	0
7	11	1	2
7	11	2	43
7	11	3	75
7	11	4	73
7	11	5	82
7	11	6	82
7	11	7	72
7	11	8	94
7	11	9	91
7	11	10	92
7	11	11	73
7	11	12	9
7	11	13	0
7	12	0	0
7	12	1	6
7	12	2	55
7	12	3	47
7	12	4	87
7	12	5	63
7	12	6	71
7	12	7	81
7	12	8	99
7	12	9	105
7	12	10	93
7	12	11	65
7	12	12	3
7	12	13	1
7	13	0	0
7	13	1	3
7	13	2	40
7	13	3	50
7	13	4	55
7	13	5	75
7	13	6	68
7	13	7	79
7	13	8	98
7	13	9	108
7	13	10	98
7	13	11	70
7	13	12	11
7	13	13	1
7	14	0	2
7	14	1	6
7	14	2	42
7	14	3	37
7	14	4	44
7	14	5	49
7	14	6	65
7	14	7	73
7	14	8	102
7	14	9	120
7	14	10	105
7	14	11	93
7	14	12	5
7	14	13	0
7	15	0	0
7	15	1	3
7	15	2	23
7	15	3	21
7	15	4	42
7	15	5	47
7	15	6	58
7	15	7	66
7	15	8	104
7	15	9	126
7	15	10	149
7	15	11	54
7	15	12	1
7	15	13	0
7	16	0	0
7	16	1	5
7	16	2	16
7	16	3	18
7	16	4	40
7	16	5	27
7	16	6	43
7	16	7	72
7	16	8	116
7	16	9	158
7	16	10	126
7	16	11	11
7	16	12	0
7	16	13	0
7	17	0	1
7	17	1	6
7	17	2	12
7	17	3	17
7	17	4	20
7	17	5	27
7	17	6	36
7	17	7	66
7	17	8	78
7	17	9	129
7	17	10	29
7	17	11	1
7	17	12	0
7	17	13	0
7	18	0	0
7	18	1	3
7	18	2	10
7	18	3	10
7	18	4	13
7	18	5	30
7	18	6	32
7	18	7	54
7	18	8	96
7	18	9	25
7	18	10	1
7	18	11	0
7	18	12	0
7	18	13	0
7	19	0	0
7	19	1	0
7	19	2	11
7	19	3	11
7	19	4	11
7	19	5	23
7	19	6	31
7	19	7	34
7	19	8	28
7	19	9	0
7	19	10	0
7	19	11	0
7	19	12	0
7	19	13	0
8	0	0	0
8	0	1	1
8	0	2	1
8	0	3	2
8	0	4	10
8	0	5	5
8	0	6	10
8	0	7	22
8	0	8	10
8	0	9	0
8	0	10	0
8	0	11	0
8	0	12	0
8	0	13	0
8	1	0	0
8	1	1	0
8	1	2	3
8	1	3	11
8	1	4	13
8	1	5	17
8	1	6	23
8	1	7	22
8	1	8	49
8	1	9	21
8	1	10	0
8	1	11	1
8	1	12	0
8	1	13	1
8	2	0	0
8	2	1	1
8	2	2	6
8	2	3	12
8	2	4	13
8	2	5	9
8	2	6	23
8	2	7	34
8	2	8	49
8	2	9	76
8	2	10	17
8	2	11	0
8	2	12	1
8	2	13	0
8	3	0	0
8	3	1	0
8	3	2	3
8	3	3	8
8	3	4	17
8	3	5	16
8	3	6	30
8	3	7	41
8	3	8	57
8	3	9	70
8	3	10	105
8	3	11	6
8	3	12	0
8	3	13	1
8	4	0	0
8	4	1	2
8	4	2	4
8	4	3	15
8	4	4	17
8	4	5	22
8	4	6	27
8	4	7	24
8	4	8	40
8	4	9	57
8	4	10	97
8	4	11	58
8	4	12	3
8	4	13	1
8	5	0	0
8	5	1	0
8	5	2	7
8	5	3	18
8	5	4	22
8	5	5	22
8	5	6	49
8	5	7	34
8	5	8	54
8	5	9	67
8	5	10	65
8	5	11	82
8	5	12	7
8	5	13	0
8	6	0	0
8	6	1	1
8	6	2	9
8	6	3	19
8	6	4	24
8	6	5	20
8	6	6	42
8	6	7	30
8	6	8	41
8	6	9	71
8	6	10	65
8	6	11	82
8	6	12	22
8	6	13	1
8	7	0	1
8	7	1	0
8	7	2	9
8	7	3	28
8	7	4	25
8	7	5	38
8	7	6	33
8	7	7	49
8	7	8	54
8	7	9	61
8	7	10	82
8	7	11	74
8	7	12	16
8	7	13	3
8	8	0	0
8	8	1	0
8	8	2	16
8	8	3	37
8	8	4	31
8	8	5	28
8	8	6	33
8	8	7	39
8	8	8	56
8	8	9	64
8	8	10	68
8	8	11	72
8	8	12	16
8	8	13	0
8	9	0	0
8	9	1	1
8	9	2	14
8	9	3	30
8	9	4	25
8	9	5	23
8	9	6	43
8	9	7	56
8	9	8	62
8	9	9	63
8	9	10	74
8	9	11	71
8	9	12	23
8	9	13	1
8	10	0	1
8	10	1	4
8	10	2	14
8	10	3	39
8	10	4	24
8	10	5	34
8	10	6	45
8	10	7	42
8	10	8	55
8	10	9	68
8	10	10	69
8	10	11	76
8	10	12	15
8	10	13	0
8	11	0	1
8	11	1	4
8	11	2	17
8	11	3	32
8	11	4	35
8	11	5	27
8	11	6	52
8	11	7	51
8	11	8	39
8	11	9	65
8	11	10	72
8	11	11	66
8	11	12	14
8	11	13	0
8	12	0	0
8	12	1	2
8	12	2	12
8	12	3	21
8	12	4	28
8	12	5	25
8	12	6	34
8	12	7	55
8	12	8	41
8	12	9	56
8	12	10	61
8	12	11	88
8	12	12	15
8	12	13	0
8	13	0	1
8	13	1	3
8	13	2	8
8	13	3	16
8	13	4	21
8	13	5	24
8	13	6	39
8	13	7	35
8	13	8	49
8	13	9	64
8	13	10	71
8	13	11	67
8	13	12	9
8	13	13	1
8	14	0	1
8	14	1	1
8	14	2	11
8	14	3	20
8	14	4	24
8	14	5	21
8	14	6	36
8	14	7	25
8	14	8	59
8	14	9	70
8	14	10	81
8	14	11	86
8	14	12	10
8	14	13	0
8	15	0	0
8	15	1	0
8	15	2	9
8	15	3	15
8	15	4	10
8	15	5	26
8	15	6	31
8	15	7	34
8	15	8	48
8	15	9	59
8	15	10	85
8	15	11	71
8	15	12	9
8	15	13	0
8	16	0	1
8	16	1	0
8	16	2	2
8	16	3	14
8	16	4	17
8	16	5	28
8	16	6	32
8	16	7	34
8	16	8	55
8	16	9	83
8	16	10	82
8	16	11	19
8	16	12	0
8	16	13	0
8	17	0	1
8	17	1	1
8	17	2	6
8	17	3	15
8	17	4	12
8	17	5	20
8	17	6	24
8	17	7	30
8	17	8	47
8	17	9	67
8	17	10	24
8	17	11	1
8	17	12	0
8	17	13	0
8	18	0	1
8	18	1	1
8	18	2	6
8	18	3	7
8	18	4	14
8	18	5	19
8	18	6	20
8	18	7	26
8	18	8	44
8	18	9	30
8	18	10	3
8	18	11	0
8	18	12	0
8	18	13	0
8	19	0	0
8	19	1	2
8	19	2	4
8	19	3	12
8	19	4	9
8	19	5	9
8	19	6	16
8	19	7	20
8	19	8	25
8	19	9	2
8	19	10	0
8	19	11	0
8	19	12	0
8	19	13	0
9	0	0	0
9	0	1	0
9	0	2	1
9	0	3	0
9	0	4	1
9	0	5	7
9	0	6	15
9	0	7	17
9	0	8	8
9	0	9	2
9	0	10	1
9	0	11	0
9	0	12	0
9	0	13	0
9	1	0	0
9	1	1	0
9	1	2	1
9	1	3	2
9	1	4	7
9	1	5	12
9	1	6	19
9	1	7	27
9	1	8	22
9	1	9	20
9	1	10	0
9	1	11	0
9	1	12	0
9	1	13	0
9	2	0	0
9	2	1	0
9	2	2	1
9	2	3	6
9	2	4	7
9	2	5	8
9	2	6	14
9	2	7	28
9	2	8	32
9	2	9	37
9	2	10	29
9	2	11	0
9	2	12	0
9	2	13	1
9	3	0	0
9	3	1	0
9	3	2	2
9	3	3	6
9	3	4	5
9	3	5	10
9	3	6	7
9	3	7	25
9	3	8	27
9	3	9	47
9	3	10	65
9	3	11	11
9	3	12	0
9	3	13	0
9	4	0	0
9	4	1	1
9	4	2	2
9	4	3	6
9	4	4	12
9	4	5	7
9	4	6	23
9	4	7	15
9	4	8	36
9	4	9	26
9	4	10	50
9	4	11	38
9	4	12	9
9	4	13	0
9	5	0	0
9	5	1	0
9	5	2	1
9	5	3	8
9	5	4	13
9	5	5	11
9	5	6	21
9	5	7	40
9	5	8	33
9	5	9	55
9	5	10	52
9	5	11	63
9	5	12	22
9	5	13	0
9	6	0	0
9	6	1	0
9	6	2	2
9	6	3	4
9	6	4	15
9	6	5	14
9	6	6	17
9	6	7	22
9	6	8	27
9	6	9	54
9	6	10	52
9	6	11	62
9	6	12	31
9	6	13	1
9	7	0	0
9	7	1	1
9	7	2	2
9	7	3	9
9	7	4	20
9	7	5	19
9	7	6	21
9	7	7	30
9	7	8	43
9	7	9	45
9	7	10	52
9	7	11	66
9	7	12	27
9	7	13	1
9	8	0	0
9	8	1	1
9	8	2	4
9	8	3	7
9	8	4	20
9	8	5	15
9	8	6	27
9	8	7	26
9	8	8	35
9	8	9	43
9	8	10	58
9	8	11	48
9	8	12	32
9	8	13	2
9	9	0	0
9	9	1	0
9	9	2	2
9	9	3	13
9	9	4	13
9	9	5	16
9	9	6	26
9	9	7	38
9	9	8	35
9	9	9	47
9	9	10	49
9	9	11	58
9	9	12	21
9	9	13	1
9	10	0	0
9	10	1	0
9	10	2	4
9	10	3	12
9	10	4	19
9	10	5	21
9	10	6	24
9	10	7	35
9	10	8	34
9	10	9	41
9	10	10	44
9	10	11	71
9	10	12	24
9	10	13	1
9	11	0	0
9	11	1	0
9	11	2	8
9	11	3	11
9	11	4	13
9	11	5	23
9	11	6	21
9	11	7	28
9	11	8	32
9	11	9	41
9	11	10	54
9	11	11	46
9	11	12	39
9	11	13	0
9	12	0	0
9	12	1	0
9	12	2	2
9	12	3	8
9	12	4	27
9	12	5	18
9	12	6	35
9	12	7	26
9	12	8	25
9	12	9	45
9	12	10	53
9	12	11	77
9	12	12	34
9	12	13	0
9	13	0	0
9	13	1	1
9	13	2	1
9	13	3	19
9	13	4	23
9	13	5	16
9	13	6	21
9	13	7	28
9	13	8	29
9	13	9	49
9	13	10	52
9	13	11	63
9	13	12	36
9	13	13	0
9	14	0	0
9	14	1	0
9	14	2	1
9	14	3	9
9	14	4	10
9	14	5	22
9	14	6	21
9	14	7	23
9	14	8	38
9	14	9	55
9	14	10	60
9	14	11	62
9	14	12	27
9	14	13	1
9	15	0	0
9	15	1	0
9	15	2	3
9	15	3	4
9	15	4	9
9	15	5	16
9	15	6	18
9	15	7	28
9	15	8	33
9	15	9	55
9	15	10	66
9	15	11	58
9	15	12	22
9	15	13	0
9	16	0	0
9	16	1	1
9	16	2	5
9	16	3	6
9	16	4	9
9	16	5	6
9	16	6	24
9	16	7	29
9	16	8	30
9	16	9	57
9	16	10	69
9	16	11	25
9	16	12	2
9	16	13	0
9	17	0	0
9	17	1	0
9	17	2	2
9	17	3	8
9	17	4	7
9	17	5	8
9	17	6	26
9	17	7	23
9	17	8	34
9	17	9	48
9	17	10	35
9	17	11	1
9	17	12	0
9	17	13	0
9	18	0	0
9	18	1	0
9	18	2	3
9	18	3	4
9	18	4	9
9	18	5	13
9	18	6	9
9	18	7	20
9	18	8	35
9	18	9	31
9	18	10	7
9	18	11	0
9	18	12	0
9	18	13	0
9	19	0	0
9	19	1	0
9	19	2	1
9	19	3	7
9	19	4	6
9	19	5	7
9	19	6	13
9	19	7	27
9	19	8	24
9	19	9	6
9	19	10	0
9	19	11	0
9	19	12	0
9	19	13	0
10	0	0	0
10	0	1	0
10	0	2	0
10	0	3	1
10	0	4	2
10	0	5	4
10	0	6	5
10	0	7	13
10	0	8	11
10	0	9	6
10	0	10	0
10	0	11	0
10	0	12	0
10	0	13	0
10	1	0	0
10	1	1	0
10	1	2	0
10	1	3	0
10	1	4	1
10	1	5	4
10	1	6	13
10	1	7	10
10	1	8	27
10	1	9	27
10	1	10	5
10	1	11	0
10	1	12	1
10	1	13	0
10	2	0	0
10	2	1	0
10	2	2	0
10	2	3	1
10	2	4	1
10	2	5	5
10	2	6	10
10	2	7	19
10	2	8	20
10	2	9	31
10	2	10	27
10	2	11	10
10	2	12	0
10	2	13	1
10	3	0	0
10	3	1	0
10	3	2	0
10	3	3	0
10	3	4	8
10	3	5	10
10	3	6	11
10	3	7	15
10	3	8	13
10	3	9	25
10	3	10	29
10	3	11	20
10	3	12	3
10	3	13	0
10	4	0	0
10	4	1	0
10	4	2	0
10	4	3	2
10	4	4	5
10	4	5	12
10	4	6	17
10	4	7	27
10	4	8	31
10	4	9	31
10	4	10	50
10	4	11	57
10	4	12	18
10	4	13	0
10	5	0	0
10	5	1	0
10	5	2	0
10	5	3	1
10	5	4	4
10	5	5	8
10	5	6	14
10	5	7	18
10	5	8	27
10	5	9	34
10	5	10	54
10	5	11	60
10	5	12	40
10	5	13	1
10	6	0	0
10	6	1	0
10	6	2	0
10	6	3	3
10	6	4	9
10	6	5	14
10	6	6	20
10	6	7	26
10	6	8	23
10	6	9	40
10	6	10	45
10	6	11	60
10	6	12	41
10	6	13	5
10	7	0	0
10	7	1	0
10	7	2	0
10	7	3	2
10	7	4	7
10	7	5	8
10	7	6	13
10	7	7	22
10	7	8	25
10	7	9	38
10	7	10	41
10	7	11	60
10	7	12	44
10	7	13	2
10	8	0	0
10	8	1	0
10	8	2	0
10	8	3	3
10	8	4	4
10	8	5	14
10	8	6	18
10	8	7	25
10	8	8	27
10	8	9	43
10	8	10	32
10	8	11	51
10	8	12	31
10	8	13	7
10	9	0	0
10	9	1	0
10	9	2	0
10	9	3	0
10	9	4	11
10	9	5	14
10	9	6	14
10	9	7	25
10	9	8	31
10	9	9	36
10	9	10	36
10	9	11	57
10	9	12	51
10	9	13	3
10	10	0	0
10	10	1	0
10	10	2	0
10	10	3	2
10	10	4	11
10	10	5	19
10	10	6	28
10	10	7	24
10	10	8	26
10	10	9	34
10	10	10	37
10	10	11	39
10	10	12	43
10	10	13	3
10	11	0	0
10	11	1	0
10	11	2	0
10	11	3	1
10	11	4	11
10	11	5	11
10	11	6	17
10	11	7	18
10	11	8	22
10	11	9	38
10	11	10	42
10	11	11	47
10	11	12	29
10	11	13	4
10	12	0	0
10	12	1	0
10	12	2	1
10	12	3	3
10	12	4	12
10	12	5	14
10	12	6	12
10	12	7	18
10	12	8	23
10	12	9	26
10	12	10	38
10	12	11	47
10	12	12	38
10	12	13	3
10	13	0	0
10	13	1	0
10	13	2	0
10	13	3	3
10	13	4	12
10	13	5	16
10	13	6	16
10	13	7	17
10	13	8	30
10	13	9	28
10	13	10	45
10	13	11	63
10	13	12	40
10	13	13	3
10	14	0	0
10	14	1	0
10	14	2	0
10	14	3	0
10	14	4	9
10	14	5	14
10	14	6	18
10	14	7	18
10	14	8	22
10	14	9	41
10	14	10	38
10	14	11	55
10	14	12	26
10	14	13	1
10	15	0	0
10	15	1	0
10	15	2	0
10	15	3	1
10	15	4	5
10	15	5	11
10	15	6	14
10	15	7	15
10	15	8	17
10	15	9	39
10	15	10	57
10	15	11	49
10	15	12	31
10	15	13	1
10	16	0	0
10	16	1	0
10	16	2	0
10	16	3	3
10	16	4	6
10	16	5	11
10	16	6	22
10	16	7	16
10	16	8	25
10	16	9	31
10	16	10	54
10	16	11	41
10	16	12	7
10	16	13	0
10	17	0	0
10	17	1	0
10	17	2	0
10	17	3	0
10	17	4	11
10	17	5	10
10	17	6	15
10	17	7	18
10	17	8	25
10	17	9	36
10	17	10	32
10	17	11	9
10	17	12	0
10	17	13	0
10	18	0	0
10	18	1	0
10	18	2	0
10	18	3	1
10	18	4	7
10	18	5	9
10	18	6	12
10	18	7	13
10	18	8	24
10	18	9	29
10	18	10	11
10	18	11	1
10	18	12	1
10	18	13	0
10	19	0	0
10	19	1	0
10	19	2	0
10	19	3	3
10	19	4	6
10	19	5	4
10	19	6	10
10	19	7	17
10	19	8	18
10	19	9	8
10	19	10	1
10	19	11	0
10	19	12	0
10	19	13	0
11	0	0	0
11	0	1	0
11	0	2	0
11	0	3	0
11	0	4	0
11	0	5	1
11	0	6	2
11	0	7	3
11	0	8	5
11	0	9	3
11	0	10	0
11	0	11	0
11	0	12	0
11	0	13	0
11	1	0	0
11	1	1	0
11	1	2	0
11	1	3	0
11	1	4	0
11	1	5	1
11	1	6	0
11	1	7	6
11	1	8	17
11	1	9	22
11	1	10	8
11	1	11	0
11	1	12	0
11	1	13	0
11	2	0	0
11	2	1	0
11	2	2	0
11	2	3	0
11	2	4	0
11	2	5	1
11	2	6	3
11	2	7	8
11	2	8	10
11	2	9	25
11	2	10	30
11	2	11	2
11	2	12	2
11	2	13	1
11	3	0	0
11	3	1	0
11	3	2	0
11	3	3	0
11	3	4	0
11	3	5	3
11	3	6	6
11	3	7	20
11	3	8	24
11	3	9	23
11	3	10	25
11	3	11	28
11	3	12	4
11	3	13	0
11	4	0	0
11	4	1	0
11	4	2	0
11	4	3	0
11	4	4	0
11	4	5	1
11	4	6	11
11	4	7	20
11	4	8	21
11	4	9	26
11	4	10	38
11	4	11	40
11	4	12	28
11	4	13	0
11	5	0	0
11	5	1	0
11	5	2	0
11	5	3	0
11	5	4	0
11	5	5	4
11	5	6	11
11	5	7	15
11	5	8	18
11	5	9	21
11	5	10	29
11	5	11	37
11	5	12	36
11	5	13	9
11	6	0	0
11	6	1	0
11	6	2	0
11	6	3	0
11	6	4	0
11	6	5	5
11	6	6	6
11	6	7	16
11	6	8	25
11	6	9	25
11	6	10	32
11	6	11	44
11	6	12	48
11	6	13	11
11	7	0	0
11	7	1	0
11	7	2	0
11	7	3	0
11	7	4	1
11	7	5	6
11	7	6	9
11	7	7	9
11	7	8	27
11	7	9	22
11	7	10	32
11	7	11	37
11	7	12	50
11	7	13	11
11	8	0	0
11	8	1	0
11	8	2	0
11	8	3	0
11	8	4	0
11	8	5	6
11	8	6	16
11	8	7	13
11	8	8	26
11	8	9	34
11	8	10	24
11	8	11	34
11	8	12	43
11	8	13	16
11	9	0	0
11	9	1	0
11	9	2	0
11	9	3	0
11	9	4	2
11	9	5	6
11	9	6	10
11	9	7	22
11	9	8	24
11	9	9	25
11	9	10	33
11	9	11	39
11	9	12	43
11	9	13	18
11	10	0	0
11	10	1	0
11	10	2	0
11	10	3	0
11	10	4	1
11	10	5	4
11	10	6	8
11	10	7	21
11	10	8	13
11	10	9	22
11	10	10	24
11	10	11	39
11	10	12	39
11	10	13	9
11	11	0	0
11	11	1	0
11	11	2	0
11	11	3	0
11	11	4	0
11	11	5	6
11	11	6	9
11	11	7	16
11	11	8	12
11	11	9	28
11	11	10	35
11	11	11	40
11	11	12	43
11	11	13	12
11	12	0	0
11	12	1	0
11	12	2	0
11	12	3	0
11	12	4	1
11	12	5	6
11	12	6	5
11	12	7	20
11	12	8	17
11	12	9	29
11	12	10	25
11	12	11	33
11	12	12	31
11	12	13	17
11	13	0	0
11	13	1	0
11	13	2	0
11	13	3	0
11	13	4	2
11	13	5	7
11	13	6	13
11	13	7	8
11	13	8	14
11	13	9	16
11	13	10	41
11	13	11	53
11	13	12	42
11	13	13	8
11	14	0	0
11	14	1	0
11	14	2	0
11	14	3	0
11	14	4	1
11	14	5	1
11	14	6	8
11	14	7	17
11	14	8	21
11	14	9	24
11	14	10	28
11	14	11	46
11	14	12	40
11	14	13	8
11	15	0	0
11	15	1	0
11	15	2	0
11	15	3	0
11	15	4	0
11	15	5	8
11	15	6	15
11	15	7	14
11	15	8	15
11	15	9	18
11	15	10	30
11	15	11	51
11	15	12	44
11	15	13	8
11	16	0	0
11	16	1	0
11	16	2	0
11	16	3	0
11	16	4	1
11	16	5	3
11	16	6	7
11	16	7	14
11	16	8	15
11	16	9	35
11	16	10	34
11	16	11	45
11	16	12	14
11	16	13	0
11	17	0	0
11	17	1	0
11	17	2	0
11	17	3	0
11	17	4	0
11	17	5	6
11	17	6	13
11	17	7	11
11	17	8	23
11	17	9	36
11	17	10	32
11	17	11	17
11	17	12	0
11	17	13	0
11	18	0	0
11	18	1	0
11	18	2	0
11	18	3	0
11	18	4	0
11	18	5	3
11	18	6	8
11	18	7	16
11	18	8	16
11	18	9	19
11	18	10	9
11	18	11	0
11	18	12	0
11	18	13	0
11	19	0	0
11	19	1	0
11	19	2	0
11	19	3	0
11	19	4	0
11	19	5	1
11	19	6	8
11	19	7	10
11	19	8	16
11	19	9	11
11	19	10	1
11	19	11	0
11	19	12	0
11	19	13	0
12	0	0	0
12	0	1	0
12	0	2	0
12	0	3	0
12	0	4	0
12	0	5	0
12	0	6	1
12	0	7	0
12	0	8	5
12	0	9	3
12	0	10	1
12	0	11	0
12	0	12	0
12	0	13	2
12	1	0	0
12	1	1	0
12	1	2	0
12	1	3	0
12	1	4	0
12	1	5	0
12	1	6	0
12	1	7	2
12	1	8	6
12	1	9	15
12	1	10	18
12	1	11	1
12	1	12	0
12	1	13	0
12	2	0	0
12	2	1	0
12	2	2	0
12	2	3	0
12	2	4	0
12	2	5	0
12	2	6	2
12	2	7	1
12	2	8	9
12	2	9	16
12	2	10	15
12	2	11	6
12	2	12	0
12	2	13	0
12	3	0	0
12	3	1	0
12	3	2	0
12	3	3	0
12	3	4	0
12	3	5	0
12	3	6	2
12	3	7	5
12	3	8	9
12	3	9	19
12	3	10	24
12	3	11	24
12	3	12	13
12	3	13	0
12	4	0	0
12	4	1	0
12	4	2	0
12	4	3	0
12	4	4	0
12	4	5	0
12	4	6	0
12	4	7	4
12	4	8	12
12	4	9	22
12	4	10	22
12	4	11	40
12	4	12	34
12	4	13	4
12	5	0	0
12	5	1	0
12	5	2	0
12	5	3	0
12	5	4	0
12	5	5	0
12	5	6	0
12	5	7	5
12	5	8	6
12	5	9	21
12	5	10	30
12	5	11	32
12	5	12	32
12	5	13	16
12	6	0	0
12	6	1	0
12	6	2	0
12	6	3	0
12	6	4	0
12	6	5	0
12	6	6	1
12	6	7	3
12	6	8	11
12	6	9	19
12	6	10	25
12	6	11	24
12	6	12	46
12	6	13	25
12	7	0	0
12	7	1	0
12	7	2	0
12	7	3	0
12	7	4	0
12	7	5	0
12	7	6	3
12	7	7	4
12	7	8	13
12	7	9	30
12	7	10	21
12	7	11	32
12	7	12	44
12	7	13	20
12	8	0	0
12	8	1	0
12	8	2	0
12	8	3	0
12	8	4	0
12	8	5	0
12	8	6	4
12	8	7	6
12	8	8	11
12	8	9	22
12	8	10	18
12	8	11	28
12	8	12	42
12	8	13	21
12	9	0	0
12	9	1	0
12	9	2	0
12	9	3	0
12	9	4	0
12	9	5	0
12	9	6	3
12	9	7	12
12	9	8	14
12	9	9	16
12	9	10	23
12	9	11	29
12	9	12	35
12	9	13	23
12	10	0	0
12	10	1	0
12	10	2	0
12	10	3	0
12	10	4	0
12	10	5	0
12	10	6	3
12	10	7	6
12	10	8	14
12	10	9	15
12	10	10	31
12	10	11	35
12	10	12	39
12	10	13	26
12	11	0	0
12	11	1	0
12	11	2	0
12	11	3	0
12	11	4	0
12	11	5	0
12	11	6	3
12	11	7	11
12	11	8	19
12	11	9	15
12	11	10	30
12	11	11	26
12	11	12	45
12	11	13	20
12	12	0	0
12	12	1	0
12	12	2	0
12	12	3	0
12	12	4	0
12	12	5	0
12	12	6	1
12	12	7	9
12	12	8	12
12	12	9	16
12	12	10	20
12	12	11	32
12	12	12	29
12	12	13	28
12	13	0	0
12	13	1	0
12	13	2	0
12	13	3	0
12	13	4	0
12	13	5	0
12	13	6	4
12	13	7	6
12	13	8	11
12	13	9	15
12	13	10	25
12	13	11	28
12	13	12	38
12	13	13	24
12	14	0	0
12	14	1	0
12	14	2	0
12	14	3	0
12	14	4	0
12	14	5	0
12	14	6	2
12	14	7	7
12	14	8	11
12	14	9	16
12	14	10	27
12	14	11	28
12	14	12	47
12	14	13	9
12	15	0	0
12	15	1	0
12	15	2	0
12	15	3	0
12	15	4	0
12	15	5	0
12	15	6	1
12	15	7	6
12	15	8	9
12	15	9	16
12	15	10	15
12	15	11	34
12	15	12	39
12	15	13	14
12	16	0	0
12	16	1	0
12	16	2	0
12	16	3	0
12	16	4	0
12	16	5	0
12	16	6	2
12	16	7	3
12	16	8	10
12	16	9	16
12	16	10	17
12	16	11	39
12	16	12	15
12	16	13	1
12	17	0	0
12	17	1	0
12	17	2	0
12	17	3	0
12	17	4	0
12	17	5	0
12	17	6	0
12	17	7	5
12	17	8	10
12	17	9	24
12	17	10	24
12	17	11	19
12	17	12	2
12	17	13	0
12	18	0	0
12	18	1	0
12	18	2	0
12	18	3	0
12	18	4	0
12	18	5	0
12	18	6	0
12	18	7	5
12	18	8	11
12	18	9	15
12	18	10	9
12	18	11	1
12	18	12	0
12	18	13	0
12	19	0	0
12	19	1	0
12	19	2	0
12	19	3	0
12	19	4	0
12	19	5	0
12	19	6	2
12	19	7	1
12	19	8	9
12	19	9	8
12	19	10	4
12	19	11	1
12	19	12	0
12	19	13	0
13	0	0	0
13	0	1	0
13	0	2	0
13	0	3	0
13	0	4	0
13	0	5	0
13	0	6	0
13	0	7	0
13	0	8	1
13	0	9	0
13	0	10	0
13	0	11	0
13	0	12	0
13	0	13	0
13	1	0	0
13	1	1	0
13	1	2	0
13	1	3	0
13	1	4	0
13	1	5	0
13	1	6	0
13	1	7	0
13	1	8	1
13	1	9	4
13	1	10	1
13	1	11	1
13	1	12	0
13	1	13	0
13	2	0	0
13	2	1	0
13	2	2	0
13	2	3	0
13	2	4	0
13	2	5	0
13	2	6	0
13	2	7	0
13	2	8	2
13	2	9	8
13	2	10	4
13	2	11	10
13	2	12	0
13	2	13	0
13	3	0	0
13	3	1	0
13	3	2	0
13	3	3	0
13	3	4	0
13	3	5	0
13	3	6	0
13	3	7	0
13	3	8	1
13	3	9	5
13	3	10	10
13	3	11	16
13	3	12	12
13	3	13	0
13	4	0	0
13	4	1	0
13	4	2	0
13	4	3	0
13	4	4	0
13	4	5	0
13	4	6	0
13	4	7	0
13	4	8	4
13	4	9	3
13	4	10	13
13	4	11	14
13	4	12	25
13	4	13	9
13	5	0	0
13	5	1	0
13	5	2	0
13	5	3	0
13	5	4	0
13	5	5	0
13	5	6	0
13	5	7	0
13	5	8	4
13	5	9	8
13	5	10	10
13	5	11	18
13	5	12	23
13	5	13	27
13	6	0	0
13	6	1	0
13	6	2	0
13	6	3	0
13	6	4	0
13	6	5	0
13	6	6	0
13	6	7	0
13	6	8	3
13	6	9	9
13	6	10	7
13	6	11	22
13	6	12	18
13	6	13	17
13	7	0	0
13	7	1	0
13	7	2	0
13	7	3	0
13	7	4	0
13	7	5	0
13	7	6	0
13	7	7	1
13	7	8	6
13	7	9	12
13	7	10	10
13	7	11	11
13	7	12	22
13	7	13	15
13	8	0	0
13	8	1	0
13	8	2	0
13	8	3	0
13	8	4	0
13	8	5	0
13	8	6	0
13	8	7	0
13	8	8	3
13	8	9	6
13	8	10	8
13	8	11	24
13	8	12	32
13	8	13	19
13	9	0	0
13	9	1	0
13	9	2	0
13	9	3	0
13	9	4	0
13	9	5	0
13	9	6	0
13	9	7	1
13	9	8	5
13	9	9	6
13	9	10	13
13	9	11	20
13	9	12	36
13	9	13	20
13	10	0	0
13	10	1	0
13	10	2	0
13	10	3	0
13	10	4	0
13	10	5	0
13	10	6	0
13	10	7	0
13	10	8	3
13	10	9	4
13	10	10	15
13	10	11	13
13	10	12	23
13	10	13	23
13	11	0	0
13	11	1	0
13	11	2	0
13	11	3	0
13	11	4	0
13	11	5	0
13	11	6	0
13	11	7	0
13	11	8	1
13	11	9	7
13	11	10	10
13	11	11	15
13	11	12	22
13	11	13	24
13	12	0	0
13	12	1	0
13	12	2	0
13	12	3	0
13	12	4	0
13	12	5	0
13	12	6	0
13	12	7	1
13	12	8	1
13	12	9	6
13	12	10	10
13	12	11	12
13	12	12	18
13	12	13	17
13	13	0	0
13	13	1	0
13	13	2	0
13	13	3	0
13	13	4	0
13	13	5	0
13	13	6	0
13	13	7	0
13	13	8	2
13	13	9	9
13	13	10	17
13	13	11	22
13	13	12	22
13	13	13	20
13	14	0	0
13	14	1	0
13	14	2	0
13	14	3	0
13	14	4	0
13	14	5	0
13	14	6	0
13	14	7	0
13	14	8	4
13	14	9	5
13	14	10	15
13	14	11	22
13	14	12	21
13	14	13	24
13	15	0	0
13	15	1	0
13	15	2	0
13	15	3	0
13	15	4	0
13	15	5	0
13	15	6	0
13	15	7	0
13	15	8	2
13	15	9	5
13	15	10	11
13	15	11	13
13	15	12	31
13	15	13	11
13	16	0	0
13	16	1	0
13	16	2	0
13	16	3	0
13	16	4	0
13	16	5	0
13	16	6	0
13	16	7	1
13	16	8	3
13	16	9	4
13	16	10	6
13	16	11	11
13	16	12	15
13	16	13	2
13	17	0	0
13	17	1	0
13	17	2	0
13	17	3	0
13	17	4	0
13	17	5	0
13	17	6	0
13	17	7	0
13	17	8	1
13	17	9	7
13	17	10	8
13	17	11	11
13	17	12	4
13	17	13	0
13	18	0	0
13	18	1	0
13	18	2	0
13	18	3	0
13	18	4	0
13	18	5	0
13	18	6	0
13	18	7	0
13	18	8	1
13	18	9	3
13	18	10	10
13	18	11	6
13	18	12	0
13	18	13	0
13	19	0	0
13	19	1	0
13	19	2	0
13	19	3	0
13	19	4	0
13	19	5	0
13	19	6	0
13	19	7	0
13	19	8	3
13	19	9	4
13	19	10	3
13	19	11	1
13	19	12	0
13	19	13	0
14	0	0	0
14	0	1	0
14	0	2	0
14	0	3	0
14	0	4	0
14	0	5	0
14	0	6	0
14	0	7	0
14	0	8	0
14	0	9	0
14	0	10	1
14	0	11	0
14	0	12	0
14	0	13	0
14	1	0	0
14	1	1	0
14	1	2	0
14	1	3	0
14	1	4	0
14	1	5	0
14	1	6	0
14	1	7	0
14	1	8	0
14	1	9	0
14	1	10	0
14	1	11	1
14	1	12	0
14	1	13	0
14	2	0	0
14	2	1	0
14	2	2	0
14	2	3	0
14	2	4	0
14	2	5	0
14	2	6	0
14	2	7	0
14	2	8	0
14	2	9	0
14	2	10	0
14	2	11	4
14	2	12	1
14	2	13	0
14	3	0	0
14	3	1	0
14	3	2	0
14	3	3	0
14	3	4	0
14	3	5	0
14	3	6	0
14	3	7	0
14	3	8	0
14	3	9	0
14	3	10	0
14	3	11	4
14	3	12	6
14	3	13	4
14	4	0	0
14	4	1	0
14	4	2	0
14	4	3	0
14	4	4	0
14	4	5	0
14	4	6	0
14	4	7	0
14	4	8	0
14	4	9	0
14	4	10	1
14	4	11	4
14	4	12	12
14	4	13	5
14	5	0	0
14	5	1	0
14	5	2	0
14	5	3	0
14	5	4	0
14	5	5	0
14	5	6	0
14	5	7	0
14	5	8	0
14	5	9	0
14	5	10	2
14	5	11	1
14	5	12	6
14	5	13	3
14	6	0	0
14	6	1	0
14	6	2	0
14	6	3	0
14	6	4	0
14	6	5	0
14	6	6	0
14	6	7	0
14	6	8	0
14	6	9	0
14	6	10	0
14	6	11	5
14	6	12	13
14	6	13	9
14	7	0	0
14	7	1	0
14	7	2	0
14	7	3	0
14	7	4	0
14	7	5	0
14	7	6	0
14	7	7	0
14	7	8	0
14	7	9	1
14	7	10	1
14	7	11	3
14	7	12	7
14	7	13	4
14	8	0	0
14	8	1	0
14	8	2	0
14	8	3	0
14	8	4	0
14	8	5	0
14	8	6	0
14	8	7	0
14	8	8	0
14	8	9	0
14	8	10	0
14	8	11	3
14	8	12	5
14	8	13	8
14	9	0	0
14	9	1	0
14	9	2	0
14	9	3	0
14	9	4	0
14	9	5	0
14	9	6	0
14	9	7	0
14	9	8	0
14	9	9	1
14	9	10	1
14	9	11	6
14	9	12	5
14	9	13	12
14	10	0	0
14	10	1	0
14	10	2	0
14	10	3	0
14	10	4	0
14	10	5	0
14	10	6	0
14	10	7	0
14	10	8	0
14	10	9	0
14	10	10	1
14	10	11	3
14	10	12	8
14	10	13	10
14	11	0	0
14	11	1	0
14	11	2	0
14	11	3	0
14	11	4	0
14	11	5	0
14	11	6	0
14	11	7	0
14	11	8	0
14	11	9	0
14	11	10	2
14	11	11	5
14	11	12	5
14	11	13	9
14	12	0	0
14	12	1	0
14	12	2	0
14	12	3	0
14	12	4	0
14	12	5	0
14	12	6	0
14	12	7	0
14	12	8	0
14	12	9	0
14	12	10	2
14	12	11	7
14	12	12	8
14	12	13	10
14	13	0	0
14	13	1	0
14	13	2	0
14	13	3	0
14	13	4	0
14	13	5	0
14	13	6	0
14	13	7	0
14	13	8	0
14	13	9	0
14	13	10	1
14	13	11	4
14	13	12	5
14	13	13	9
14	14	0	0
14	14	1	0
14	14	2	0
14	14	3	0
14	14	4	0
14	14	5	0
14	14	6	0
14	14	7	0
14	14	8	0
14	14	9	0
14	14	10	0
14	14	11	4
14	14	12	6
14	14	13	6
14	15	0	0
14	15	1	0
14	15	2	0
14	15	3	0
14	15	4	0
14	15	5	0
14	15	6	0
14	15	7	0
14	15	8	0
14	15	9	0
14	15	10	1
14	15	11	4
14	15	12	7
14	15	13	8
14	16	0	0
14	16	1	0
14	16	2	0
14	16	3	0
14	16	4	0
14	16	5	0
14	16	6	0
14	16	7	0
14	16	8	0
14	16	9	0
14	16	10	1
14	16	11	4
14	16	12	6
14	16	13	3
14	17	0	0
14	17	1	0
14	17	2	0
14	17	3	0
14	17	4	0
14	17	5	0
14	17	6	0
14	17	7	0
14	17	8	0
14	17	9	0
14	17	10	1
14	17	11	5
14	17	12	4
14	17	13	0
14	18	0	0
14	18	1	0
14	18	2	0
14	18	3	0
14	18	4	0
14	18	5	0
14	18	6	0
14	18	7	0
14	18	8	0
14	18	9	0
14	18	10	2
14	18	11	4
14	18	12	2
14	18	13	0
14	19	0	0
14	19	1	0
14	19	2	0
14	19	3	0
14	19	4	0
14	19	5	0
14	19	6	0
14	19	7	0
14	19	8	0
14	19	9	1
14	19	10	1
14	19	11	1
14	19	12	0
14	19	13	0
